0
//Index   Rate0   Rate1   Rate2   Rate3   Rate4   Rate5   Rate6   Rate7   Rate8   Rate9   Rate10   Rate11   Rate12   Rate13   Rate14   Rate15   Comment
0         7000    1500    1000    500     0       0       0       0       0       0       0        0        0        0        0        0        //Level Option (普通物品)
1         10000   0       0       0       0       0       0       0       0       0       0        0        0        0        0        0        //Level Option (卓越物品)
2         10000   0       0       0       0       0       0       0       0       0       0        0        0        0        0        0        //Level Option (套装物品)
3         2000    2000    2000    2000    2000    0       0       0       0       0       0        0        0        0        0        0        //Level Option (玛雅合成物品)
9         2500    2000    1500    1500    1000    500     500     500     0       0       0        0        0        0        0        0        //Level Option (摩斯抽奖物品)
10        1000    2000    1700    1400    1200    900     700     500     300     100     70       50       35       20       15       10       //Level Option (幸运卡片抽奖物品)
11        10000   0       0       0       0       0       0       0       0       0       0        0        0        0        0        0        //Level Option (EventItemBag) (0)
12        0       10000   0       0       0       0       0       0       0       0       0        0        0        0        0        0        //Level Option (EventItemBag) (1)
13        0       0       10000   0       0       0       0       0       0       0       0        0        0        0        0        0        //Level Option (EventItemBag) (2)
14        0       0       0       10000   0       0       0       0       0       0       0        0        0        0        0        0        //Level Option (EventItemBag) (3)
15        0       0       0       0       10000   0       0       0       0       0       0        0        0        0        0        0        //Level Option (EventItemBag) (4)
16        0       0       0       0       0       10000   0       0       0       0       0        0        0        0        0        0        //Level Option (EventItemBag) (5)
17        0       0       0       0       0       0       10000   0       0       0       0        0        0        0        0        0        //Level Option (EventItemBag) (6)
18        0       0       0       0       0       0       0       10000   0       0       0        0        0        0        0        0        //Level Option (EventItemBag) (7)
19        0       0       0       0       0       0       0       0       10000   0       0        0        0        0        0        0        //Level Option (EventItemBag) (8)
20        0       0       0       0       0       0       0       0       0       10000   0        0        0        0        0        0        //Level Option (EventItemBag) (9)
21        0       0       0       0       0       0       0       0       0       0       10000    0        0        0        0        0        //Level Option (EventItemBag) (10)
22        0       0       0       0       0       0       0       0       0       0       0        10000    0        0        0        0        //Level Option (EventItemBag) (11)
23        0       0       0       0       0       0       0       0       0       0       0        0        10000    0        0        0        //Level Option (EventItemBag) (12)
24        0       0       0       0       0       0       0       0       0       0       0        0        0        10000    0        0        //Level Option (EventItemBag) (13)
25        0       0       0       0       0       0       0       0       0       0       0        0        0        0        10000    0        //Level Option (EventItemBag) (14)
26        0       0       0       0       0       0       0       0       0       0       0        0        0        0        0        10000    //Level Option (EventItemBag) (15)
27        3334    3333    3333    0       0       0       0       0       0       0       0        0        0        0        0        0        //Level Option (EventItemBag) (0~2)
28        2500    2500    2500    2500    0       0       0       0       0       0       0        0        0        0        0        0        //Level Option (EventItemBag) (0~3)
29        0       3334    3333    3333    0       0       0       0       0       0       0        0        0        0        0        0        //Level Option (EventItemBag) (1~3)
30        0       2500    2500    2500    2500    0       0       0       0       0       0        0        0        0        0        0        //Level Option (EventItemBag) (1~4)
31        0       0       3334    3333    3333    0       0       0       0       0       0        0        0        0        0        0        //Level Option (EventItemBag) (2~4)
32        0       0       2500    2500    2500    2500    0       0       0       0       0        0        0        0        0        0        //Level Option (EventItemBag) (2~5)
33        0       0       0       3334    3333    3333    0       0       0       0       0        0        0        0        0        0        //Level Option (EventItemBag) (3~5)
34        0       0       0       2500    2500    2500    2500    0       0       0       0        0        0        0        0        0        //Level Option (EventItemBag) (3~6)
35        0       0       0       0       3334    3333    3333    0       0       0       0        0        0        0        0        0        //Level Option (EventItemBag) (4~6)
36        0       0       0       0       2500    2500    2500    2500    0       0       0        0        0        0        0        0        //Level Option (EventItemBag) (4~7)
37        0       0       0       0       0       3334    3333    3333    0       0       0        0        0        0        0        0        //Level Option (EventItemBag) (5~7)
38        0       0       0       0       0       2500    2500    2500    2500    0       0        0        0        0        0        0        //Level Option (EventItemBag) (5~8)
39        0       0       0       0       0       0       3334    3333    3333    0       0        0        0        0        0        0        //Level Option (EventItemBag) (6~8)
40        0       0       0       0       0       0       2500    2500    2500    2500    0        0        0        0        0        0        //Level Option (EventItemBag) (6~9)
41        0       0       0       0       0       0       0       3334    3333    3333    0        0        0        0        0        0        //Level Option (EventItemBag) (7~9)
42        0       0       0       0       0       0       0       2500    2500    2500    2500     0        0        0        0        0        //Level Option (EventItemBag) (7~10)
43        0       0       0       0       0       0       0       0       3334    3333    3333     0        0        0        0        0        //Level Option (EventItemBag) (8~10)
44        0       0       0       0       0       0       0       0       2500    2500    2500     2500     0        0        0        0        //Level Option (EventItemBag) (8~11)
45        0       0       0       0       0       0       0       0       0       3334    3333     3333     0        0        0        0        //Level Option (EventItemBag) (9~11)
46        0       0       0       0       0       0       0       0       0       2500    2500     2500     2500     0        0        0        //Level Option (EventItemBag) (9~12)
47        0       0       0       0       0       0       0       0       0       0       3334     3333     3333     0        0        0        //Level Option (EventItemBag) (10~12)
48        0       0       0       0       0       0       0       0       0       0       2500     2500     2500     2500     0        0        //Level Option (EventItemBag) (10~13)
49        0       0       0       0       0       0       0       0       0       0       0        3334     3333     3333     0        0        //Level Option (EventItemBag) (11~13)
50        0       0       0       0       0       0       0       0       0       0       0        2500     2500     2500     2500     0        //Level Option (EventItemBag) (11~14)
51        0       0       0       0       0       0       0       0       0       0       0        0        3334     3333     3333     0        //Level Option (EventItemBag) (12~14)
52        0       0       0       0       0       0       0       0       0       0       0        0        2500     2500     2500     2500     //Level Option (EventItemBag) (12~15)
53        0       0       0       0       0       0       0       0       0       0       0        0        0        3334     3333     3333     //Level Option (EventItemBag) (13~15)
end

1
//--------------------------------------------------------
// 物品掉落有无技能设置 概率设置  x/10000  几项值合必须为10000
//--------------------------------------------------------
//编号		无		有			注释
0         9900    100     //技能属性 (普通物品)
1         0       10000   //技能属性 (卓越物品)
2         0       10000   //技能属性 (套装物品)
3         7500    2500    //技能属性 (玛雅合成物品)
9         9500    500     //技能属性 (摩斯抽奖物品)
10        10000   0       //技能属性 (幸运卡片抽奖物品)
11        10000   0       //技能属性 (EventItemBag) (0)
12        0       10000   //技能属性 (EventItemBag) (1)
13        5000    5000    //技能属性 (EventItemBag) (0~1)
end

2
//--------------------------------------------------------
// 物品掉落有无幸运设置  概率设置  x/10000  几项值合必须为10000
//--------------------------------------------------------
//编号		无		有			注释	
0         9900    100		//幸运属性 (普通物品)
1         9900    100     //幸运属性 (卓越物品)
2         9900    100     //幸运属性 (套装物品)
3         8000    2000    //幸运属性 (玛雅合成物品)
4         8000    2000    //幸运属性 (2D翅膀)
5         8000    2000    //幸运属性 (1D翅膀)
6         8000    2000    //幸运属性 (3D翅膀)
7         8000    2000    //幸运属性 (2.5D翅膀)
8         8000    2000    //幸运属性 (镶嵌物品)
9         9500    500     //幸运属性 (摩斯抽奖物品)
10        10000   0       //幸运属性 (幸运卡片抽奖物品)
11        10000   0       //幸运属性 (EventItemBag) (0)
12        0       10000   //幸运属性 (EventItemBag) (1)
13        5000    5000    //幸运属性 (EventItemBag) (0~1)
end

3
//--------------------------------------------------------
// 物品掉落追加属性比率设置 概率设置  x/10000  几项值合必须为10000
//--------------------------------------------------------
//编号		无		追4		追8		追12	追16	追20	追24	追28	注释
0         9600    150     100     50      0       0       0       0       //追加属性 (普通物品)
1         10000   0       0       0       0       0       0       0       //追加属性 (卓越物品)
2         10000   0       0       0       0       0       0       0       //追加属性 (套装物品)
3         7900    1200    600     300     0       0       0       0       //追加属性 (玛雅合成物品)
4         7900    1200    600     300     0       0       0       0       //追加属性 (2D翅膀)
5         7900    1200    600     300     0       0       0       0       //追加属性 (1D翅膀)
6         7900    1200    600     300     0       0       0       0       //追加属性 (3D翅膀)
7         7900    1200    600     300     0       0       0       0       //追加属性 (2.5D翅膀)
9         8800    1000    150     50      0       0       0       0       //追加属性 (摩斯抽奖物品)
10        4000    3000    2000    1000    0       0       0       0       //追加属性 (幸运卡片抽奖物品)
11        10000   0       0       0       0       0       0       0       //追加属性 (EventItemBag) (0)
12        0       10000   0       0       0       0       0       0       //追加属性 (EventItemBag) (1)
13        0       0       10000   0       0       0       0       0       //追加属性 (EventItemBag) (2)
14        0       0       0       10000   0       0       0       0       //追加属性 (EventItemBag) (3)
15        0       0       0       0       10000   0       0       0       //追加属性 (EventItemBag) (4)
16        0       0       0       0       0       10000   0       0       //追加属性 (EventItemBag) (5)
17        0       0       0       0       0       0       10000   0       //追加属性 (EventItemBag) (6)
18        0       0       0       0       0       0       0       10000   //追加属性 (EventItemBag) (7)
19        5000    5000    0       0       0       0       0       0       //追加属性 (EventItemBag) (0~1)
20        3334    3333    3333    0       0       0       0       0       //追加属性 (EventItemBag) (0~2)
21        0       5000    5000    0       0       0       0       0       //追加属性 (EventItemBag) (1~2)
22        0       3334    3333    3333    0       0       0       0       //追加属性 (EventItemBag) (1~3)
23        0       0       5000    5000    0       0       0       0       //追加属性 (EventItemBag) (2~3)
24        0       0       3334    3333    3333    0       0       0       //追加属性 (EventItemBag) (2~4)
25        0       0       0       5000    5000    0       0       0       //追加属性 (EventItemBag) (3~4)
26        0       0       0       3334    3333    3333    0       0       //追加属性 (EventItemBag) (3~5)
27        0       0       0       0       5000    5000    0       0       //追加属性 (EventItemBag) (4~5)
28        0       0       0       0       3334    3333    3333    0       //追加属性 (EventItemBag) (4~6)
29        0       0       0       0       0       5000    5000    0       //追加属性 (EventItemBag) (5~6)
30        0       0       0       0       0       3334    3333    3333    //追加属性 (EventItemBag) (5~7)
31        0       0       0       0       0       0       5000    5000    //追加属性 (EventItemBag) (6~7)
end

4
//--------------------------------------------------------
// 物品掉落卓越属性比率设置 概率设置  x/10000  几项值合必须为10000
//--------------------------------------------------------
//编号	无    	1属性	2属性	3属性	4属性	5属性	全属性		注释
0         7000	2500	500       0       0       0       0       //卓越物品 (普通物品)
1         0		7000    2500    500       0       0       //卓越物品 (卓越物品)
2         0		7000	2500	500       0       0       0       //卓越物品 (套装物品)
3         7000    2400    600     0       0       0       0       //卓越物品 (玛雅合成物品)
4         8000    2000    0       0       0       0       0       //卓越物品 (2D翅膀)
5         8000    2000    0       0       0       0       0       //卓越物品 (2D翅膀)
6         8000    2000    0       0       0       0       0       //卓越物品 (3D翅膀)
7         8800    1200    0       0       0       0       0       //卓越物品 (2.5D翅膀)
9         9000    800     200     0       0       0       0       //卓越物品 (摩斯抽奖物品)  
10        10000   0       0       0       0       0       0       //卓越物品 (幸运卡片抽奖物品)
11        10000   0       0       0       0       0       0       //卓越物品 (EventItemBag) (0)
12        0       10000   0       0       0       0       0       //卓越物品 (EventItemBag) (1)
13        0       0       10000   0       0       0       0       //卓越物品 (EventItemBag) (2)
14        0       0       0       10000   0       0       0       //卓越物品 (EventItemBag) (3)
15        0       0       0       0       10000   0       0       //卓越物品 (EventItemBag) (4)
16        0       0       0       0       0       10000   0       //卓越物品 (EventItemBag) (5)
17        0       0       0       0       0       0       10000   //卓越物品 (EventItemBag) (6)
18        5000    5000    0       0       0       0       0       //卓越物品 (EventItemBag) (0~1)
19        3334    3333    3333    0       0       0       0       //卓越物品 (EventItemBag) (0~2)
20        0       5000    5000    0       0       0       0       //卓越物品 (EventItemBag) (1~2)
21        0       3334    3333    3333    0       0       0       //卓越物品 (EventItemBag) (1~3)
22        0       0       5000    5000    0       0       0       //卓越物品 (EventItemBag) (2~3)
23        0       0       3334    3333    3333    0       0       //卓越物品 (EventItemBag) (2~4)
24        0       0       0       5000    5000    0       0       //卓越物品 (EventItemBag) (3~4)
25        0       0       0       3334    3333    3333    0       //卓越物品 (EventItemBag) (3~5)
26        0       0       0       0       5000    5000    0       //卓越物品 (EventItemBag) (4~5)
27        0       0       0       0       3334    3333    3333    //卓越物品 (EventItemBag) (4~6)
28        0       0       0       0       0       5000    5000    //卓越物品 (EventItemBag) (5~6)
end

5
//--------------------------------------------------------
// 物品掉落套装属性比率设置（5体，10体）概率设置  x/10000  几项值合必须为10000
//--------------------------------------------------------
//Index   Rate0   Rate1   Rate2   Comment
0         10000   0       0       //套装物品 (普通物品)
1         10000   0       0       //套装物品 (卓越物品)
2         0       8000    2000    //套装物品 (套装物品)
9         10000   0       0       //套装物品 (摩斯抽奖物品)
10        0       7000    3000    //套装物品 (幸运卡片抽奖物品)
11        10000   0       0       //套装物品 (EventItemBag) (0)
12        0       10000   0       //套装物品 (EventItemBag) (1)
13        0       0       10000   //套装物品 (EventItemBag) (2)
14        0       5000    5000    //套装物品 (EventItemBag) (1~2)
end

6
//--------------------------------------------------------
// 物品带镶嵌孔比率设置概率设置  x/10000  几项值合必须为10000
//--------------------------------------------------------
//编号     无     1孔	  2孔     3孔	  4孔	  5孔		注释
0         10000   0       0       0       0       0       //镶嵌属性 (普通物品)
1         10000   0       0       0       0       0       //镶嵌属性 (卓越物品)
2         10000   0       0       0       0       0       //镶嵌属性 (套装物品)
3         0       1550    8400    50      0       0       //镶嵌属性 (镶嵌单手武器)
4         0       1000    8000    700     250     50      //镶嵌属性 (镶嵌双手武器)
5         0       3000    4000    2000    1000    0       //镶嵌属性 (元素卷轴)
6         0       3000    6000    1000    0       0       //镶嵌属性 (镶嵌物品)
7         0       2500    3000    2000    1500    1000    //镶嵌属性 (镶嵌物品)
9         10000   0       0       0       0       0       //镶嵌属性 (摩斯抽奖物品)
10        10000   0       0       0       0       0       //镶嵌属性 (幸运卡片抽奖物品)
11        10000   0       0       0       0       0       //镶嵌属性 (EventItemBag) (0)
12        0       10000   0       0       0       0       //镶嵌属性 (EventItemBag) (1)
13        0       0       10000   0       0       0       //镶嵌属性 (EventItemBag) (2)
14        0       0       0       10000   0       0       //镶嵌属性 (EventItemBag) (3)
15        0       0       0       0       10000   0       //镶嵌属性 (EventItemBag) (4)
16        0       0       0       0       0       10000   //镶嵌属性 (EventItemBag) (5)
17        0       5000    5000    0       0       0       //镶嵌属性 (EventItemBag) (1~2)
18        0       3334    3333    3333    0       0       //镶嵌属性 (EventItemBag) (1~3)
19        0       0       5000    5000    0       0       //镶嵌属性 (EventItemBag) (2~3)
20        0       0       3334    3333    3333    0       //镶嵌属性 (EventItemBag) (2~4)
21        0       0       0       5000    5000    0       //镶嵌属性 (EventItemBag) (3~4)
22        0       0       0       3334    3333    3333    //镶嵌属性 (EventItemBag) (3~5)
23        0       0       0       0       5000    5000    //镶嵌属性 (EventItemBag) (4~5)
end