//2024Фъ1дТ18Ше12ЪБ8Зж39Уы
// Monster.txtЙжЮяЪєадЮФМў
// гЩЁѕForeverЁЄЙШзгБрМ­ MUЙжЮяЪєадБрМ­Цї v4.0.1
//inde/rate/name/Level/HP/MP/damagemin/damagema/defence/magicdefence/attackrating/successfulbloking/moverange/attacktype/attackrange/viewrange/movespeed/attackspeed/regentime/attribute/itemrate/moneyrate/maItemlevel/skill
//БрКХ/ЙжЮяБШТЪ/Ућзж/ЕШМЖ/HP/MP/зюЕЭЙЅ/зюИпЙЅ/ЗРгљ/ФЇЗР/ЙЅЛї/ЗРгљТЪ/вЦЖЏЗЖЮЇ/ЙЅРраЭ/ЙЅОрРы/ЪгвА/вЦЖЏЫйЖШ/ЙЅЫйЖШ/жиЩњЪБ/РраЭ/ЮяЦЗБЌТЪ/БЌЧЎТЪ/БЉГіЮяЕФзюДѓЕШМЖ/ММФм/ПЙЛ№/ПЙРз/ПЙЫЎ/ПЙЗч
///////////////////////////////////////////////////////////////////////////////////////////////	
0	1	"ХЃЙж"	6	100	0	16	20	6	0	28	6	3	0	1	5	400	1600	10	2	130	20	6	0	0	0	0	0	
1	1	"СдШЎЙж"	9	140	0	22	27	9	0	39	9	3	0	1	5	400	1600	10	2	130	20	6	0	0	0	0	0	
2	1	"гзСњ"	4	60	0	10	13	3	0	18	3	3	0	1	4	400	2000	10	2	120	20	6	0	0	0	0	0	
3	1	"жЉжы"	2	30	0	4	7	1	0	8	1	2	0	1	5	400	1800	10	2	120	20	6	0	0	0	0	0	
4	1	"ТљХЃЙж"	12	190	0	31	36	12	0	50	12	3	0	1	4	400	1400	10	2	140	24	6	0	0	0	0	0	
5	1	"ЕигќСдШЎЙж"	38	1400	0	125	130	55	0	190	45	3	0	1	4	400	1200	10	2	190	28	6	0	1	1	1	3	
6	1	"КкЮзЪІ"	14	255	0	41	46	14	0	62	14	3	2	4	7	400	2000	10	2	150	24	6	0	0	0	0	1	
7	1	"ОоШЫ"	17	400	0	57	62	18	0	80	18	2	0	2	3	400	2200	10	2	150	24	6	0	0	0	0	0	
8	1	"ЖОХЃЙж"	46	2500	0	145	150	75	0	230	61	3	1	1	5	400	1400	10	2	190	46	3	0	6	2	2	2	
9	1	"ЫРСщЮз"	44	2000	0	140	145	70	0	220	55	3	3	4	7	400	2200	10	2	190	28	3	0	2	2	3	2	
10	1	"АЕКкЦяЪП"	48	3000	0	150	155	80	0	240	70	3	0	1	5	400	1400	10	2	200	28	3	0	3	3	3	5	
11	1	"гФСщ"	32	1000	0	110	115	40	0	160	39	3	0	1	5	400	1400	10	2	190	46	6	0	2	2	2	2	
12	1	"ЖОГц"	25	750	0	90	95	31	0	125	31	3	1	1	4	400	1800	10	2	200	28	6	0	2	0	0	0	
13	1	"ЕигќжЉжы"	40	1600	0	130	135	60	0	200	47	3	11	4	7	400	1600	10	2	190	28	6	0	3	1	1	1	
14	1	"їМїУБј"	19	525	0	68	74	22	0	93	22	2	0	1	4	400	1400	10	2	160	24	6	0	0	0	0	0	
15	1	"їМїУЙ­М§Ъж"	34	1100	0	115	120	45	0	170	41	2	0	5	7	400	2000	10	2	190	28	6	0	1	1	1	1	
16	1	"їМїУеНЪП"	42	1800	0	135	140	65	0	210	49	2	0	1	4	400	1600	10	2	190	28	4	0	1	1	1	1	
17	1	"ЖРблОоШЫ"	28	850	0	100	105	35	0	140	35	3	0	1	4	400	1600	10	2	170	28	6	0	2	0	0	0	
18	1	"ФЇЙэИъЕЧ"	55	6000	0	165	175	100	0	275	82	3	0	1	7	400	1600	150	2	160	28	3	0	6	6	6	6	
19	1	"бЉШЫ"	30	900	0	105	110	37	0	150	37	2	17	4	6	400	2000	10	2	180	28	6	0	0	3	0	0	
20	1	"бЉШЫЭѕ"	36	1200	0	120	125	50	0	180	43	3	0	1	6	400	1400	10	2	180	46	6	0	1	4	1	1	
21	1	"АЕЩБеп"	26	800	0	95	100	33	0	130	33	2	0	1	7	400	2000	10	2	180	28	6	0	0	0	0	0	
22	1	"КЎБљФЇ"	22	650	0	80	85	27	0	110	27	2	7	1	5	400	2000	10	2	170	28	6	0	0	3	0	0	
23	1	"РЖФЇЙж"	24	700	0	85	90	29	0	120	29	3	0	1	5	400	1600	10	2	170	28	6	0	0	3	0	0	
24	1	"ЪЏОоШЫ"	20	600	0	75	80	25	0	100	25	3	0	1	4	400	1600	10	2	160	28	6	0	0	2	0	0	
25	1	"БљКѓ"	52	4000	0	155	165	90	0	260	76	3	11	4	7	400	1400	50	2	180	28	3	0	4	5	4	4	
26	1	"аЁИчВМСж"	3	45	0	7	10	2	0	13	2	2	0	1	4	400	1800	10	2	120	20	6	0	0	0	0	0	
27	1	"ЙДЮВаЋ"	5	80	0	13	17	4	0	23	4	3	0	1	4	400	1800	10	2	120	20	6	0	0	0	0	0	
28	1	"ЦАГцЙж"	10	165	0	26	31	10	0	44	10	3	0	1	5	400	1600	10	2	140	20	6	0	0	0	0	0	
29	1	"ЭЕСдеп"	13	220	0	36	41	13	0	56	13	3	0	4	4	400	1600	10	2	140	24	6	0	0	0	0	0	
30	1	"Ъїб§"	15	295	0	46	51	15	0	68	15	3	0	1	4	400	1600	10	2	150	24	6	0	0	0	0	0	
31	1	"бЧРЅ"	16	340	0	51	57	16	0	74	16	2	0	1	4	400	1400	10	2	150	24	6	0	0	0	0	0	
32	1	"ЪЏОоШЫ"	18	465	0	62	68	20	0	86	20	2	0	2	3	400	2200	10	2	160	24	6	0	0	0	0	0	
33	1	"ДѓИчВМСж"	8	120	0	19	23	8	0	33	8	3	0	1	5	400	1600	10	2	130	20	6	0	0	0	0	0	
34	1	"зчжфЮзЪІ"	54	4000	0	160	170	95	0	270	80	3	2	4	7	400	2000	10	2	200	46	3	0	5	5	7	7	
35	1	"ЫРЩёИъЕЧ"	64	6000	0	200	210	130	0	320	94	3	150	1	7	400	2000	10	2	180	46	3	0	6	6	6	8	
36	1	"ЙэїШ"	47	2800	0	148	153	78	0	235	67	3	0	1	5	400	1400	10	2	200	28	3	0	3	3	3	5	
37	1	"ЖёФЇ"	60	5000	0	180	195	115	0	300	88	3	3	4	7	400	2000	10	2	200	46	3	0	5	5	5	7	
38	1	"ФЇЭѕАЭТхПЫ"	66	9000	0	220	240	160	0	330	99	3	150	2	7	400	1600	150	2	160	46	3	0	10	10	10	15	
39	1	"ОчЖОЙэїШ"	50	3500	0	155	160	85	0	250	73	3	1	1	5	400	1400	10	2	200	46	3	0	6	4	4	6	
40	1	"ЫРЩёЦяЪП"	62	5500	0	190	200	120	0	310	91	3	0	1	7	400	1800	10	2	200	46	3	0	6	6	6	7	
41	1	"ХЃФЇЭѕ"	57	4500	0	170	180	110	0	285	85	3	0	1	7	400	1600	10	2	200	46	3	0	5	5	5	7	
42	1	"ЮДжЊЙжЮя"	47	5000	0	300	350	230	0	200	80	3	150	5	7	800	2000	28800	2	100	0	4	0	100	254	100	100	
43	1	"ЛЦН№гзСњ"	15	2200	0	120	125	45	0	75	30	3	0	1	7	400	1400	600	2	10	20	0	0	2	2	2	2	
44	1	"Л№СњЭѕ"	60	15000	0	190	210	120	0	300	88	3	150	2	7	400	1800	100	2	50	20	0	0	9	7	9	9	
45	1	"аЁАЭЙўФЗЬи"	43	2400	0	130	140	65	0	215	52	2	0	1	4	400	1600	8	2	185	28	3	0	1	1	1	1	
46	1	"ЫРЭіУРШЫгу"	45	2800	0	135	145	70	0	225	58	3	17	4	7	400	1600	8	2	185	28	3	0	2	2	3	2	
47	1	"РЖвэКЃЙж"	46	3200	0	140	150	75	0	230	64	3	0	5	7	400	1800	8	2	185	28	3	0	6	2	2	2	
48	1	"ЮзЪІЭѕ"	70	9000	0	240	270	180	0	350	115	3	3	3	7	400	1600	15	2	175	46	3	0	7	7	7	7	
49	1	"КЃФЇЯЃЬиР­"	74	19000	0	250	310	200	0	430	125	3	150	4	7	400	1400	150	2	175	46	3	0	12	12	12	12	
51	1	"ДѓАЭЙўФЗЬи"	66	7000	0	210	230	150	0	330	98	3	0	2	7	400	1600	15	2	175	46	3	0	6	6	6	6	
52	1	"вјЙ­КЃЙж"	68	8000	0	230	260	170	0	340	110	3	7	4	7	400	1600	15	2	175	46	3	0	7	7	7	7	
53	1	"ЬЉЬЙ"	53	8000	0	170	180	105	0	265	77	3	150	3	7	400	2000	20	2	200	28	3	0	5	5	5	5	
54	1	"ЛЦН№ЖЗЪП"	46	3500	0	140	150	75	0	230	64	3	0	5	7	400	1800	20	2	200	28	3	0	3	3	3	3	
55	1	"їМїУЭѕ"	30	1800	0	105	110	37	0	150	37	2	0	2	6	400	1800	20	2	200	28	3	0	2	2	2	2	
56	1	"ЧПЛЏїМїУБј"	24	700	0	85	90	29	0	120	29	3	0	1	5	400	1600	20	2	200	28	4	0	1	1	1	1	
57	1	"ЬњТжеНЪП"	80	17000	0	280	330	215	0	446	150	3	0	4	7	400	1400	10	2	160	100	3	0	9	9	9	9	
58	1	"ЦЦЛЕЦяЪП"	83	22000	0	335	385	250	0	500	175	3	150	2	7	400	1400	20	2	160	100	3	0	9	9	9	9	
59	1	"ФЇЭѕдњПВ"	90	34000	0	510	590	400	0	550	185	3	150	5	7	400	1400	150	2	160	100	3	0	13	13	13	15	
60	1	"ОоГнЪо"	76	13500	0	260	300	200	0	410	130	3	0	2	7	400	1400	10	2	170	100	3	0	8	8	8	8	
61	1	"КкбзФЇ"	84	25000	0	375	425	275	0	530	190	3	17	4	7	400	1400	20	2	160	100	3	0	10	10	10	10	
62	1	"ЬњМЙЙж"	72	10000	0	250	280	190	0	365	120	3	0	1	7	400	1400	10	2	170	100	3	0	8	8	8	8	
63	1	"ГубзФЇ"	93	40000	0	590	650	420	0	575	220	3	150	5	7	400	1400	150	2	130	100	3	0	13	13	13	17	
64	1	"МйУцЙ­Ъж"	70	10000	0	220	250	170	0	350	115	3	0	4	7	400	1600	10	2	200	28	3	0	7	7	7	7	
65	1	"МйУцЮфЪП"	74	14000	0	260	290	190	0	400	125	3	150	1	7	400	2000	100	2	180	28	3	0	8	8	8	8	
66	1	"Н№ЪєАЭТхПЫ"	86	38000	0	500	570	350	0	525	200	3	150	4	7	400	1400	70	2	200	60	3	0	17	17	17	17	
67	1	"зчжфжЎЭѕ"	77	26000	0	300	360	220	0	385	150	3	150	2	7	400	1600	200	2	160	28	3	0	9	9	9	9	
69	1	"АЂПЈФІЫЙ"	75	11500	0	255	290	195	0	385	125	3	17	5	5	400	1400	10	2	160	46	3	0	9	9	11	9	
70	1	"ЗчКѓ"	82	19000	0	305	350	230	0	475	160	3	17	3	5	400	1400	10	2	160	46	3	0	9	11	12	9	
71	1	"ЖёСщ"	78	15000	0	270	320	210	0	430	140	3	0	1	5	400	1400	10	2	160	46	3	0	9	9	12	9	
72	1	"ЛУгАЦяЪП"	96	41000	0	560	610	425	0	690	270	3	150	2	5	400	1400	30	2	150	46	3	0	14	14	16	14	
73	1	"РЖФЇСњ"	86	29000	0	425	480	305	0	570	210	3	150	5	5	400	1400	20	2	160	46	3	0	12	12	13	12	
74	1	"ЖёСщЭѕ"	92	34500	0	489	540	360	0	620	240	3	0	1	5	400	1400	10	2	160	46	3	0	13	13	14	13	
75	1	"КьФЇСњ"	100	50000	0	650	700	495	0	800	305	3	150	5	5	400	1400	30	2	140	46	3	0	15	15	17	18	
76	1	"ЬьФЇЗЦФсЫЙ1"	106	73000	0	850	960	580	0	840	305	3	3	3	5	400	1400	10	2	190	28	3	0	30	30	35	30	
77	1	"ЬьФЇЗЦФсЫЙ2"	108	95000	0	950	1000	600	0	900	350	1	150	6	7	400	1500	150	2	120	46	4	0	30	30	35	30	
78	1	"ЛЦН№ИчВМСж"	20	3100	0	125	130	50	0	100	30	3	0	1	7	400	1400	600	2	10	20	0	0	2	2	2	2	
79	1	"ЛЦН№Л№СњЭѕ"	80	23000	0	300	350	230	0	400	90	3	150	2	7	400	1800	5	2	50	20	0	0	9	7	9	9	
80	1	"ЛЦН№ЮзЪІЭѕ"	83	25000	0	310	360	240	0	415	150	3	3	3	7	400	1600	15	2	175	28	3	0	9	7	9	9	
81	1	"ЛЦН№УРШЫгу"	61	6300	0	190	200	110	0	310	90	3	17	4	7	400	1600	8	2	185	28	3	0	0	0	3	0	
82	1	"ЛЦН№ЦЦЛЕЦяЪП"	90	30000	0	450	560	300	0	450	185	3	150	2	7	400	1400	70	2	180	60	3	0	9	7	9	9	
83	1	"ЛЦН№ЬњТжеНЪП"	77	15000	0	320	360	230	0	385	160	3	0	4	7	400	1400	70	2	180	60	3	0	9	7	9	9	
84	1	"МйУцЮфЪП1"	33	1100	0	100	120	55	0	190	45	3	0	1	3	400	2000	10	2	300	400	3	0	0	0	0	0	
85	1	"МйУцЙ­Ъж1"	37	1400	0	110	130	65	0	210	49	3	0	5	7	400	1600	10	2	300	400	3	0	0	0	0	0	
86	1	"їМСщеНЪП1"	41	1700	0	120	140	75	0	230	61	3	0	1	3	400	2000	10	2	250	300	3	0	0	0	0	0	
87	1	"їМСщЪо1"	44	2100	0	130	150	85	0	250	73	3	17	5	7	400	1600	10	2	250	300	3	0	0	0	0	0	
88	1	"їМСщЦяЪП1"	47	2800	0	140	160	95	0	270	77	3	0	1	3	400	2000	10	2	200	200	3	0	0	0	0	0	
89	1	"їМСщЮзЪІ1"	51	3700	0	150	180	115	0	300	88	4	150	4	6	400	1600	10	2	150	100	4	0	3	3	3	3	
90	1	"МйУцЮфЪП2"	49	3500	0	140	170	90	0	250	76	3	0	1	3	400	2000	10	2	300	400	3	0	1	1	1	1	
91	1	"МйУцЙ­Ъж2"	53	4100	0	150	180	100	0	275	80	3	0	5	7	400	1600	10	2	300	400	3	0	1	1	1	1	
92	1	"їМСщеНЪП2"	56	5000	0	160	190	115	0	300	88	3	0	1	3	400	2000	10	2	250	300	3	0	1	1	1	1	
93	1	"їМСщЪо2"	60	6000	0	175	210	130	0	320	95	3	17	5	7	400	1600	10	2	250	300	3	0	1	1	1	1	
94	1	"їМСщЦяЪП2"	64	7000	0	185	220	170	0	360	110	3	0	1	3	400	2000	10	2	200	200	3	0	1	1	1	1	
95	1	"їМСщЮзЪІ2"	69	8000	0	200	240	190	0	400	130	4	150	4	6	400	1800	10	2	150	100	4	0	4	4	4	4	
96	1	"МйУцЮфЪП3"	56	5000	0	160	180	110	0	300	85	3	0	1	3	400	2000	10	2	300	400	3	0	2	2	2	2	
97	1	"МйУцЙ­Ъж3"	61	6500	0	180	200	120	0	330	93	3	0	5	7	400	1600	10	2	300	400	3	0	2	2	2	2	
98	1	"їМСщеНЪП3"	66	8000	0	190	220	150	0	360	98	3	0	1	3	400	2000	10	2	250	300	3	0	2	2	2	2	
99	1	"їМСщЪо3"	70	9500	0	210	240	180	0	400	115	3	17	5	7	400	1600	10	2	250	300	3	0	2	2	2	2	
100	1	"БъЧЙ"	80	1000	0	100	110	0	0	400	500	0	0	4	1	500	1000	3	1	200	20	0	0	0	0	0	0	
101	1	"ЬњЧЄ"	80	1000	0	110	130	0	0	400	500	0	0	0	1	500	1000	3	1	200	20	0	0	0	0	0	0	
102	1	"Л№"	80	1000	0	130	150	0	0	400	500	0	0	2	1	500	1000	3	1	200	20	0	0	0	0	0	0	
103	1	"дЩЪЏ"	90	1000	0	160	190	0	0	450	500	0	50	0	1	500	1000	3	1	200	20	0	0	0	0	0	0	
104	1	"ЙЅГЧTrap"	2	50	0	500	600	0	0	800	30	0	50	0	1	0	1000	0	0	0	0	0	0	0	0	0	0	
105	1	"ХкЫў"	80	1000	0	200	203	0	0	400	500	0	0	4	2	500	1000	3	1	200	10	0	0	0	0	0	0	
106	1	"МЄЙтЫў"	80	1000	0	150	152	0	0	400	500	0	0	1	1	500	1000	3	1	200	10	0	0	0	0	0	0	
111	1	"їМСщЦяЪП3"	74	12000	0	220	260	190	0	440	130	3	0	1	3	400	2000	10	2	200	200	3	0	2	2	2	2	
112	1	"їМСщЮзЪІ3"	79	15000	0	230	280	240	0	500	180	4	150	4	6	400	1800	10	2	150	100	4	0	5	5	5	5	
113	1	"МйУцЮфЪП4"	64	7500	0	180	220	150	0	340	98	3	0	1	3	400	2000	10	2	300	400	3	0	4	4	4	4	
114	1	"МйУцЙ­Ъж4"	69	9500	0	200	240	170	0	380	110	3	0	5	7	400	1600	10	2	300	400	3	0	4	4	4	4	
115	1	"їМСщеНЪП4"	75	12000	0	220	260	190	0	440	130	3	0	1	3	400	2000	10	2	250	300	3	0	4	4	4	4	
116	1	"їМСщЪо4"	79	15000	0	250	290	210	0	500	150	3	17	5	7	400	1600	10	2	250	300	3	0	4	4	4	4	
117	1	"їМСщЦяЪП4"	82	18000	0	270	320	290	0	560	170	3	0	1	3	400	2000	10	2	200	200	3	0	4	4	4	4	
118	1	"їМСщЮзЪІ4"	84	24000	0	300	350	360	0	640	200	4	150	4	6	400	1800	10	2	150	100	4	0	7	7	7	7	
119	1	"МйУцЮфЪП5"	70	12000	0	210	270	185	0	380	125	3	0	1	3	400	2000	10	2	300	400	3	0	5	5	5	5	
120	1	"МйУцЙ­Ъж5"	75	15000	0	240	300	190	0	420	130	3	0	5	7	400	1600	10	2	300	400	3	0	5	5	5	5	
121	1	"їМСщеНЪП5"	80	19000	0	280	340	220	0	470	175	3	0	1	3	400	2000	10	2	250	300	3	0	5	5	5	5	
122	1	"їМСщЪо5"	85	23000	0	340	390	300	0	520	190	3	17	5	7	400	1600	10	2	250	300	3	0	5	5	5	5	
123	1	"їМСщЦяЪП5"	87	26000	0	370	410	400	0	650	200	3	0	1	3	400	2000	10	2	200	200	3	0	5	5	5	5	
124	1	"їМСщЮзЪІ5"	90	32000	0	400	460	450	0	720	260	4	150	4	6	400	1800	10	2	150	100	4	0	8	8	8	8	
125	1	"МйУцЮфЪП6"	76	17000	0	260	290	210	0	460	150	3	0	1	3	400	2000	10	2	300	400	3	0	6	6	6	6	
126	1	"МйУцЙ­Ъж6"	81	20000	0	320	350	270	0	520	160	3	0	5	7	400	1600	10	2	300	400	3	0	6	6	6	6	
127	1	"їМСщеНЪП6"	86	25000	0	390	420	360	0	580	195	3	0	1	3	400	2000	10	2	250	300	3	0	6	6	6	6	
128	1	"їМСщЪо6"	90	32000	0	440	500	400	0	660	230	3	17	5	7	400	1600	10	2	250	300	3	0	6	6	6	6	
129	1	"їМСщЦяЪП6"	94	38000	0	480	540	450	0	720	260	3	0	1	3	400	2000	10	2	200	200	3	0	6	6	6	6	
130	1	"їМСщЮзЪІ6"	99	47000	0	530	580	500	0	840	280	4	150	4	6	400	1800	10	2	150	100	4	0	9	9	9	9	
131	1	"бЊЩЋГЧУХ"	2	2000	0	0	0	0	0	0	0	0	0	0	0	0	0	0	0	0	0	0	0	100	100	100	100	
132	1	"ЫЎОЇСщшб"	2	3000	0	0	0	0	0	0	0	0	0	0	0	0	0	0	0	0	0	0	0	100	100	100	100	
133	1	"ЫЎОЇСщшб"	2	3000	0	0	0	0	0	0	0	0	0	0	0	0	0	0	0	0	0	0	0	100	100	100	100	
134	1	"ЫЎОЇСщшб"	2	3000	0	0	0	0	0	0	0	0	0	0	0	0	0	0	0	0	0	0	0	100	100	100	100	
135	1	"АзЩЋФЇЗЈЪІ"	87	26000	0	370	410	400	0	550	200	4	3	5	6	400	2200	10	2	150	100	4	0	15	15	20	15	
136	1	"ЛйУ№ЮфЪП"	70	9500	0	210	240	180	0	400	125	3	0	1	3	400	1500	10	2	300	400	3	0	7	7	7	7	
137	1	"ЛйУ№Й­Ъж"	74	12000	0	220	260	190	0	440	130	3	0	5	5	400	1800	10	2	300	400	3	0	8	8	8	8	
138	1	"МйУцЮфЪП7"	85	23000	0	340	390	340	0	520	190	3	0	1	3	400	2000	10	2	300	400	3	0	7	7	7	7	
139	1	"МйУцЙ­Ъж7"	87	26000	0	390	430	380	0	590	200	3	0	5	7	400	1600	10	2	300	400	3	0	7	7	7	7	
140	1	"їМСщеНЪП7"	90	32000	0	430	480	400	0	660	230	3	0	1	3	400	2000	10	2	250	300	3	0	7	7	7	7	
141	1	"їМСщЪо7"	93	37000	0	470	520	440	0	730	250	3	17	5	7	400	1600	10	2	250	300	3	0	7	7	7	7	
142	1	"їМСщЦяЪП7"	98	45000	0	510	560	490	0	800	270	3	0	1	3	400	2000	10	2	200	200	3	0	7	7	7	7	
143	1	"їМСщЮзЪІ7"	102	55000	0	560	600	550	0	870	310	4	150	4	6	400	1800	10	2	150	100	4	0	10	10	10	10	
144	1	"ЫРЭіЬьЪЙ"	24	740	0	80	87	30	0	100	24	3	17	6	7	500	1500	10	2	160	0	3	0	11	11	11	11	
145	1	"ПёЮфЪП"	33	1250	0	110	117	50	0	145	39	3	17	6	7	500	1500	10	2	160	0	3	0	13	13	13	13	
146	1	"СњЯКЪиЮР"	21	600	0	70	77	25	0	88	20	3	17	6	7	500	1500	10	2	180	0	3	0	10	10	10	10	
147	1	"АЂПЈЫЙ"	17	440	0	55	62	17	0	75	17	3	17	1	7	500	1500	10	2	180	0	3	0	8	8	8	8	
148	1	"ЮфЪП"	19	500	0	60	67	20	0	80	18	3	17	2	5	500	1500	10	2	180	0	3	0	9	9	9	9	
149	1	"АЕКкЮзЪІ"	28	900	0	95	102	38	0	118	30	3	17	2	5	500	1500	10	2	160	0	3	0	12	12	12	12	
150	1	"ЪиЛЄЪоАЭРя"	52	5000	0	165	170	100	0	260	75	3	0	1	7	400	1600	100	2	160	20	3	0	6	6	6	6	
151	1	"ЛЦН№ЖЗЪП"	58	4000	0	175	180	110	0	290	86	3	0	4	7	400	1600	100	2	160	20	3	0	6	6	6	6	
152	1	"1ВуЕФПЈРћТъжЎУХ"	10	50	0	0	0	0	0	0	0	0	0	0	0	0	0	0	2	0	0	0	0	0	0	0	0	
153	1	"2ВуЕФПЈРћТъжЎУХ"	10	50	0	0	0	0	0	0	0	0	0	0	0	0	0	0	2	0	0	0	0	0	0	0	0	
154	1	"3ВуЕФПЈРћТъжЎУХ"	10	50	0	0	0	0	0	0	0	0	0	0	0	0	0	0	2	0	0	0	0	0	0	0	0	
155	1	"4ВуЕФПЈРћТъжЎУХ"	10	50	0	0	0	0	0	0	0	0	0	0	0	0	0	0	2	0	0	0	0	0	0	0	0	
156	1	"5ВуЕФПЈРћТъжЎУХ"	10	50	0	0	0	0	0	0	0	0	0	0	0	0	0	0	2	0	0	0	0	0	0	0	0	
157	1	"6ВуЕФПЈРћТъжЎУХ"	10	50	0	0	0	0	0	0	0	0	0	0	0	0	0	0	2	0	0	0	0	0	0	0	0	
158	1	"7ВуЕФПЈРћТъжЎУХ"	10	50	0	0	0	0	0	0	0	0	0	0	0	0	0	0	2	0	0	0	0	0	0	0	0	
160	1	"АЕКкПўРм"	40	1800	0	130	137	66	0	180	50	3	17	6	7	500	1600	10	2	160	0	4	0	14	14	14	14	
161	1	"РЅЖй"	52	3000	0	165	172	90	0	255	70	3	150	10	7	800	1700	10800	2	140	0	4	0	30	30	30	30	
162	1	"ГрЩЋвЊШћ1"	30	700	0	70	90	30	0	160	20	50	0	1	7	400	2000	10	2	300	400	3	0	0	0	0	0	
163	1	"ГрЩЋвЊШћ2"	32	800	0	80	100	40	0	180	30	50	17	6	7	400	1600	10	2	300	400	3	0	0	0	0	0	
164	1	"ГрЩЋвЊШћ3"	40	1600	0	132	135	75	0	225	60	50	0	1	7	400	2000	10	2	300	400	3	0	1	1	1	1	
165	1	"ГрЩЋвЊШћ4"	45	2700	0	150	150	90	0	250	70	50	17	6	7	400	1600	10	2	300	400	3	0	1	1	1	1	
166	1	"ГрЩЋвЊШћ5"	54	4000	0	168	165	105	0	270	80	50	0	1	7	400	2000	10	2	300	400	3	0	2	2	2	2	
167	1	"ГрЩЋвЊШћ6"	60	5000	0	180	180	120	0	290	90	50	17	6	7	400	1600	10	2	300	400	3	0	2	2	2	2	
168	1	"ГрЩЋвЊШћ7"	65	6500	0	185	210	145	0	320	110	50	0	1	7	400	2000	10	2	300	400	3	0	4	4	4	4	
169	1	"ГрЩЋвЊШћ8"	68	8000	0	205	230	160	0	350	120	50	17	6	7	400	1600	10	2	300	400	3	0	4	4	4	4	
170	1	"ГрЩЋвЊШћ9"	70	10000	0	215	240	170	0	370	120	50	0	1	7	400	2000	10	2	300	400	3	0	5	5	5	5	
171	1	"ГрЩЋвЊШћ10"	75	12500	0	235	260	190	0	400	130	50	17	6	7	400	1600	10	2	300	400	3	0	5	5	5	5	
172	1	"ГрЩЋвЊШћ11"	76	15000	0	255	280	215	0	430	140	50	0	1	7	400	2000	10	2	300	400	3	0	6	6	6	6	
173	1	"ГрЩЋвЊШћ12"	80	18000	0	280	300	240	0	470	150	50	17	6	7	400	1600	10	2	300	400	3	0	6	6	6	6	
174	1	"ЫРЭіЬьЪЙ"	40	1800	0	130	137	57	0	182	45	3	17	6	7	500	1500	10	2	160	0	3	0	14	14	14	14	
175	1	"ПёЮфЪП"	48	3000	0	155	162	81	0	235	58	3	17	6	7	500	1500	10	2	160	0	3	0	16	16	16	16	
176	1	"СњЯКЪиЮР"	37	1400	0	120	127	50	0	163	40	3	17	6	7	500	1500	10	2	180	0	3	0	13	13	13	13	
177	1	"АЂПЈЫЙ"	32	1000	0	105	112	42	0	135	33	3	17	1	7	500	1500	10	2	180	0	3	0	11	11	11	11	
178	1	"ЮфЪП"	34	1200	0	112	119	45	0	147	36	3	17	2	5	500	1500	10	2	180	0	3	0	12	12	12	12	
179	1	"АЕКкЮзЪІ"	44	2300	0	140	147	68	0	205	50	3	17	2	5	500	1500	10	2	160	0	3	0	15	15	15	15	
180	1	"АЕКкПўРм"	53	3900	0	180	187	100	0	275	67	3	17	6	7	500	1600	10	2	160	0	4	0	17	17	17	17	
181	1	"РЅЖй"	65	6000	0	220	227	140	0	355	100	3	150	10	7	800	1700	10800	2	140	0	4	0	35	35	35	35	
182	1	"ЫРЭіЬьЪЙ"	53	4400	0	175	185	105	0	273	67	3	17	6	7	500	1500	10	2	150	0	3	0	17	17	17	17	
183	1	"ПёЮфЪП"	63	6600	0	225	235	150	0	325	92	3	17	6	7	500	1500	10	2	150	0	3	0	19	19	19	19	
184	1	"СњЯКЪиЮР"	50	3650	0	160	170	90	0	250	60	3	17	6	7	500	1500	10	2	170	0	3	0	16	16	16	16	
185	1	"АЂПЈЫЙ"	46	2700	0	145	155	73	0	220	54	3	17	1	7	500	1500	10	2	170	0	3	0	14	14	14	14	
186	1	"ЮфЪП"	48	3100	0	152	162	80	0	232	56	3	17	2	5	500	1500	10	2	170	0	3	0	15	15	15	15	
187	1	"АЕКкЮзЪІ"	58	5300	0	195	205	126	0	296	77	3	17	2	5	500	1500	10	2	150	0	3	0	18	18	18	18	
188	1	"АЕКкПўРм"	69	8400	0	260	270	180	0	365	110	3	17	6	7	500	1600	10	2	150	0	4	0	20	20	20	20	
189	1	"РЅЖй"	81	14000	0	350	360	255	0	460	160	3	150	10	7	800	1700	10800	2	130	0	4	0	40	40	40	40	
190	1	"ЫРЭіЬьЪЙ"	74	12000	0	270	295	185	0	397	120	3	17	6	7	500	1500	10	2	140	0	3	0	20	20	20	20	
191	1	"ПёЮфЪП"	83	22500	0	350	375	255	0	500	175	3	17	6	7	500	1500	10	2	140	0	3	0	22	22	22	22	
192	1	"СњЯКЪиЮР"	70	8800	0	245	265	165	0	360	105	3	17	6	7	500	1500	10	2	160	0	3	0	19	19	19	19	
193	1	"АЂПЈЫЙ"	62	6000	0	215	235	140	0	310	87	3	17	1	7	500	1500	10	2	160	0	3	0	17	17	17	17	
194	1	"ЮфЪП"	66	6900	0	230	250	150	0	330	95	3	17	2	5	500	1500	10	2	160	0	3	0	18	18	18	18	
195	1	"АЕКкЮзЪІ"	78	16000	0	305	330	215	0	440	145	3	17	2	5	500	1500	10	2	140	0	3	0	21	21	21	21	
196	1	"АЕКкПўРм"	88	30000	0	410	435	300	0	575	215	3	17	6	7	500	1600	10	2	140	0	4	0	23	23	23	23	
197	1	"РЅЖй"	100	50000	0	600	625	500	0	780	295	3	150	10	7	800	1700	10800	2	120	0	4	0	45	45	45	45	
200	1	"еНЖЗзуЧђ"	12	1000	0	150	200	0	0	60	500	0	0	4	1	500	1000	3	1	200	20	0	0	0	0	0	0	
204	1	"еНРЧЩёзљ"	2	50	0	15	30	70	20	10	30	0	0	0	0	0	0	0	0	0	0	0	0	0	0	0	0	
205	1	"ЩёРЧЛЄЬЈ1"	2	50	0	15	30	70	20	10	30	0	0	0	0	0	0	0	0	0	0	0	0	0	0	0	0	
206	1	"ЩёРЧЛЄЬЈ2"	2	50	0	15	30	70	20	10	30	0	0	0	0	0	0	0	0	0	0	0	0	0	0	0	0	
207	1	"ЩёРЧЛЄЬЈ3"	2	50	0	15	30	70	20	10	30	0	0	0	0	0	0	0	0	0	0	0	0	0	0	0	0	
208	1	"ЩёРЧЛЄЬЈ4"	2	50	0	15	30	70	20	10	30	0	0	0	0	0	0	0	0	0	0	0	0	0	0	0	0	
209	1	"ЩёРЧЛЄЬЈ5"	2	50	0	15	30	70	20	10	30	0	0	0	0	0	0	0	0	0	0	0	0	0	0	0	0	
215	1	"БЃЛЄФЄ"	2	50	0	15	30	70	20	10	30	0	0	0	5	400	1500	10	0	200	10	0	0	0	0	0	0	
216	1	"ЛЪЙк"	2	50	0	15	30	70	20	10	30	0	0	0	0	0	0	0	0	0	0	0	0	0	0	0	0	
217	1	"ЛЪЙкПЊЙи1"	2	50	0	15	30	70	20	10	30	0	0	0	0	0	0	0	0	0	0	0	0	0	0	0	0	
218	1	"ЛЪЙкПЊЙи2"	2	50	0	15	30	70	20	10	30	0	0	0	0	0	0	0	0	0	0	0	0	0	0	0	0	
219	1	"ГЧУХПЊЙи"	2	50	0	15	30	70	20	10	30	0	0	0	0	0	0	0	0	0	0	0	0	0	0	0	0	
220	1	"УХЮР"	2	50	0	15	30	70	20	10	30	0	0	0	0	400	1500	0	0	0	0	0	0	0	0	0	0	
221	1	"ЙЅЛїЭЖЪЏГЕ"	2	50	0	15	30	70	20	10	30	0	0	0	0	400	1500	0	0	0	0	0	0	0	0	0	0	
222	1	"ЙЅЛїЭЖЪЏГЕ"	2	50	0	15	30	70	20	10	30	0	0	0	0	400	1500	0	0	0	0	0	0	0	0	0	0	
223	1	"ГЄРЯ"	2	50	0	15	30	70	20	10	30	0	0	0	0	0	0	0	0	0	0	0	0	0	0	0	0	
224	1	"ЙЅГЧЮРБј"	2	50	0	15	30	70	20	10	30	0	0	0	0	0	0	0	0	0	0	0	0	0	0	0	0	
226	1	"бБЪоЪІ"	2	50	0	15	30	70	20	10	30	0	0	0	5	400	1500	10	0	200	10	0	0	0	0	0	0	
229	1	"ОЏЮРЖгГЄФІТз"	2	50	0	15	30	70	20	10	30	0	0	0	5	400	1500	10	0	200	10	0	0	0	0	0	0	
230	1	"АЂРГЫЙ"	2	50	0	15	30	70	20	10	30	0	0	0	5	400	1500	10	0	200	10	0	0	0	0	0	0	
231	1	"ЩЬШЫЭаФЗЩ№"	2	50	0	15	30	70	20	10	30	0	0	0	5	400	1500	10	0	200	10	0	0	0	0	0	0	
232	1	"ДѓЬьЪЙ"	2	50	0	15	30	70	20	10	30	0	0	0	5	400	1500	10	0	200	10	0	0	0	0	0	0	
233	1	"ДѓЬьЪЙЕФЪЙеп"	2	50	0	15	30	70	20	10	30	0	0	0	5	400	1500	10	0	200	10	0	0	0	0	0	0	
234	1	"ЙЎСіБт"	2	50	0	15	30	70	20	10	30	0	0	0	5	400	1500	10	0	200	10	0	0	0	0	0	0	
235	1	"ЪЅЕМЪПШћЮЌФШ"	2	50	0	15	30	70	20	10	30	0	0	0	5	400	1500	10	0	200	10	0	0	0	0	0	0	
236	1	"Й­М§ЪжТхЫЙ"	2	50	0	15	30	70	20	10	30	0	0	0	5	400	1500	10	0	200	10	0	0	0	0	0	0	
237	1	"ПЈТЁ"	2	50	0	15	30	70	20	10	30	0	0	0	5	400	1500	10	0	200	10	0	0	0	0	0	0	
238	1	"ТъбХИчВМСж"	2	50	0	15	30	70	20	10	30	0	0	0	5	400	1500	10	0	200	10	0	0	0	0	0	0	
239	1	"ОКММГЁЪиЮР"	2	50	0	15	30	70	20	10	30	0	0	0	5	400	1500	10	0	200	10	0	0	0	0	0	0	
240	1	"ВжПтЪЙеп"	2	50	0	15	30	70	20	10	30	0	0	0	5	400	1500	10	0	200	10	0	0	0	0	0	0	
241	1	"еНУЫЪЙеп"	2	50	0	15	30	70	20	10	30	0	0	0	5	400	1500	10	0	200	10	0	0	0	0	0	0	
242	1	"ОЋСщАВМЊР­"	2	50	0	15	30	70	20	10	30	0	0	0	5	400	1500	10	0	200	10	0	0	0	0	0	0	
243	1	"ЙЄНГгШДя"	2	50	0	15	30	70	20	10	30	0	0	0	5	400	1500	10	0	200	10	0	0	0	0	0	0	
244	1	"РЯАхФяРђФШ"	2	50	0	15	30	70	20	10	30	0	0	0	5	400	1500	10	0	200	10	0	0	0	0	0	0	
245	1	"ФЇЕМЪПТЖмч"	2	50	0	15	30	70	20	10	30	0	0	0	5	400	1500	10	0	200	10	0	0	0	0	0	0	
246	1	"ЮфЦїЩЬШЫЫеЗЦ"	20	1000	0	15	30	70	0	100	30	0	0	0	5	400	1500	10	0	200	10	0	0	0	0	0	0	
247	1	"ЪиЮР"	90	10000	0	180	195	70	20	300	100	5	0	2	2	400	1500	10	1	200	10	0	0	0	0	0	0	
248	1	"СїРЫЩЬШЫ"	20	1000	0	15	30	70	0	100	30	0	0	0	5	400	1500	10	0	200	10	0	0	0	0	0	0	
249	1	"ЪиЮР"	90	10000	0	180	195	70	20	300	100	5	0	5	5	400	1500	10	1	200	10	0	0	0	0	0	0	
250	1	"СїРЫЩЬШЫ"	20	1000	0	15	30	70	20	100	30	0	0	0	5	400	1000	10	0	200	10	0	0	0	0	0	0	
251	1	"ЬњНГ"	20	1000	0	15	30	70	20	100	30	0	0	0	5	400	1500	10	0	200	10	0	0	0	0	0	0	
252	1	"ЮДжЊЙжЮя--"	2	50	0	15	30	70	20	10	30	0	0	2	5	400	1000	10	0	200	10	0	0	0	0	0	0	
253	1	"ЩйХЎАВФШ"	2	50	0	15	30	70	20	10	30	0	0	0	5	400	1500	10	0	200	10	0	0	0	0	0	0	
254	1	"ФЇЕМЪП"	2	50	0	15	30	70	20	10	30	0	0	0	5	400	1500	10	0	200	10	0	0	0	0	0	0	
255	1	"РЯАхФя"	2	50	0	15	30	70	20	10	30	0	0	0	5	400	1500	10	0	200	10	0	0	0	0	0	0	
256	1	"ШћЖћЮЌЫЙ"	2	50	0	15	30	70	20	10	30	0	0	0	5	400	1500	10	0	200	10	0	0	0	0	0	0	
257	1	"ЛУгАЕМЪІ"	2	50	0	15	30	70	20	10	30	0	0	0	5	400	1500	10	0	200	10	0	0	0	0	0	0	
258	1	"ТГПЫЕМЪІ"	90	10000	0	180	195	70	20	300	100	5	0	5	5	400	1500	10	1	200	10	0	0	0	0	0	0	
259	1	"РзР­"	2	50	0	15	30	70	20	10	30	0	0	0	5	400	1500	10	0	200	10	0	0	0	0	0	0	
260	1	"ЫРЭіЬьЪЙ"	88	31000	0	408	443	315	0	587	195	3	17	6	7	500	1500	10	2	135	0	3	0	23	23	23	23	
261	1	"ПёЮфЪП"	98	48000	0	546	581	430	0	715	250	3	17	6	7	500	1500	10	2	135	0	3	0	25	25	25	25	
262	1	"СњЯКЪиЮР"	85	26000	0	365	395	280	0	540	177	3	17	6	7	500	1500	10	2	155	0	3	0	22	22	22	22	
263	1	"АЂПЈЫЙ"	79	18000	0	310	340	230	0	460	163	3	17	1	7	500	1500	10	2	155	0	3	0	20	20	20	20	
264	1	"ЮфЪП"	82	21000	0	335	365	250	0	490	168	3	17	2	5	500	1500	10	2	155	0	3	0	21	21	21	21	
265	1	"АЕКкЮзЪІ"	93	38500	0	470	505	370	0	645	220	3	17	2	5	500	1500	10	2	135	0	3	0	24	24	24	24	
266	1	"АЕКкПўРм"	105	60000	0	640	675	515	0	810	290	3	17	6	7	500	1600	10	2	135	0	4	0	26	26	26	26	
267	1	"РЅЖй"	117	100000	0	835	870	680	0	1000	360	3	150	10	7	800	1700	10800	2	110	0	4	0	50	50	50	50	
268	1	"ЫРЭіЬьЪЙ"	105	65000	0	610	645	500	0	760	275	3	17	6	7	500	1500	10	2	130	0	3	0	26	26	26	26	
269	1	"ПёЮфЪП"	114	87500	0	753	788	620	0	900	335	3	17	6	7	500	1500	10	2	130	0	3	0	28	28	28	28	
270	1	"СњЯКЪиЮР"	101	56000	0	570	600	460	0	713	255	3	17	6	7	500	1500	10	2	150	0	3	0	25	25	25	25	
271	1	"АЂПЈЫЙ"	95	42000	0	520	550	410	0	655	230	3	17	1	7	500	1500	10	2	150	0	3	0	23	23	23	23	
272	1	"ЮфЪП"	98	48500	0	540	570	432	0	680	240	3	17	2	5	500	1500	10	2	150	0	3	0	24	24	24	24	
273	1	"АЕКкЮзЪІ"	109	75500	0	672	707	550	0	820	303	3	17	2	5	500	1500	10	2	130	0	3	0	27	27	27	27	
274	1	"АЕКкПўРм"	119	105000	0	850	885	710	0	1000	370	3	17	6	7	500	1600	10	2	130	0	4	0	29	29	29	29	
275	1	"ФЇЭѕРЅЖй"	147	5000000	0	2000	2500	1500	0	2000	1000	3	150	15	10	800	2000	43200	2	100	0	4	0	100	254	100	100	
277	1	"ГЧУХ1"	2	50	0	15	30	70	20	10	30	0	0	0	0	0	0	0	0	0	0	0	0	0	0	0	0	
278	1	"ИДЛюЪЏ"	2	250000	0	15	30	70	20	10	30	0	0	0	0	0	0	0	0	0	0	0	0	0	0	0	0	
283	1	"ЪиЛЄЪЏЯё"	2	50	0	15	30	70	20	10	30	0	0	0	0	0	0	0	0	0	0	0	0	0	0	0	0	
284	1	"Йк"	2	50	0	15	30	70	20	10	30	0	0	0	0	0	0	0	0	0	0	0	0	0	0	0	0	
285	1	"КЯГЩЪІ"	2	30000	0	15	30	70	20	10	30	0	0	0	5	400	1500	10	0	200	10	0	0	0	0	0	0	
286	1	"Й­М§гЖБј"	100	23000	0	340	390	340	0	520	190	0	0	6	7	400	2000	0	2	0	0	0	0	7	7	7	7	
287	1	"БъЧЙгЖБј"	100	26000	0	390	430	380	0	590	200	0	0	1	3	400	1600	0	2	0	0	0	0	7	7	7	7	
288	1	"ЩёБЄ"	200	50	0	575	610	500	20	1000	30	0	150	7	6	400	2000	0	0	0	0	0	0	0	0	0	0	
290	1	"РфбЊБфвьеп"	78	15000	0	270	320	210	0	430	140	3	0	1	5	400	1400	10	2	200	46	3	0	26	26	26	26	
291	1	"ШлбвОоФЇ"	102	55000	0	560	600	550	0	870	310	3	0	1	7	500	1600	10	2	150	166	4	0	29	29	29	29	
292	1	"ЪШбЊЗфКѓ"	92	34500	0	489	540	360	0	620	240	3	3	5	5	500	2000	10	2	180	46	3	0	28	28	28	28	
293	1	"ЖООоФЇ"	84	25000	0	375	425	275	0	530	190	3	17	4	6	500	2000	10	2	180	100	3	0	27	27	27	27	
294	1	"ОоИЋеНЪП"	75	11500	0	255	290	195	0	385	125	3	0	1	5	400	1400	10	2	200	46	3	0	25	25	25	25	
295	1	"СЖгќФЇЭѕ"	128	3000000	0	1500	2000	1000	0	1500	800	3	150	6	8	650	1600	43200	2	100	100	4	0	100	254	100	100	
300	1	"гЂалЬњМЙЙж"	82	20000	0	500	560	380	0	415	170	20	0	1	10	800	1600	10	2	150	10	3	0	16	16	16	16	
301	1	"гЂалЖёСщЭѕ"	102	69000	0	978	1080	720	0	670	290	20	0	1	10	800	1600	10	2	150	10	3	0	26	26	28	26	
302	1	"гЂалОоИЋеНЪП"	85	23000	0	510	580	390	0	435	175	20	0	1	10	800	1600	10	2	150	10	3	0	50	50	50	50	
303	1	"гЂалЖООоФЇ"	94	50000	0	750	850	550	0	580	240	20	17	5	10	1000	2500	10	2	150	10	3	0	54	54	54	54	
304	1	"зЯСщЗЈЪІ"	94	38500	0	408	442	357	0	637	230	4	0	3	7	450	1700	10	2	160	46	3	0	22	22	22	22	
305	1	"ЫЎОЇИпТж"	84	25000	0	288	322	277	0	507	170	4	0	2	7	450	1500	10	2	180	46	3	0	21	21	21	21	
306	1	"ОЋСщШЫТэеНЪП"	78	14000	0	260	294	222	0	402	144	4	0	1	5	450	1400	10	2	180	46	3	0	20	20	20	20	
307	1	"ИжзІОоЪо"	74	11000	0	258	282	197	0	390	127	4	0	1	5	450	1400	10	2	180	46	3	0	19	19	19	19	
308	1	"ЪїОЋПЈЬи"	72	10000	0	248	272	187	0	362	120	4	0	1	5	450	1400	10	2	180	46	3	0	18	18	18	18	
309	1	"зцТъОоФЇ"	98	50000	0	550	600	520	0	850	300	6	0	5	10	600	2000	150	2	150	46	4	0	50	50	50	50	
310	1	"ДЬДИеьВьБј"	97	45000	0	530	560	420	0	670	250	6	0	1	5	600	1600	10	2	180	28	3	0	15	15	15	15	
311	1	"ГЄУЌеьВьБј"	97	45000	0	530	560	420	0	670	250	6	0	3	6	600	1600	10	2	180	28	3	0	17	17	17	17	
312	1	"ФЇЙ­еьВьБј"	97	45000	0	530	560	420	0	670	250	6	0	6	7	700	1700	10	2	180	28	3	0	19	19	19	19	
313	1	"АЕКкбЊРЧШЫ"	118	110000	0	830	850	680	0	950	355	6	0	1	7	600	1600	10	2	180	28	3	0	21	21	21	21	
314	1	"гЂалДЬДИеьВьБј"	123	120000	0	890	910	740	0	980	370	6	0	2	7	700	1700	10	2	150	28	3	0	23	23	23	23	
315	1	"гЂалАЕКкбЊРЧШЫ"	127	123000	0	964	1015	800	0	1027	397	6	0	2	7	700	1700	10	2	150	28	3	0	25	25	25	25	
316	1	"АЕКкЗРгљеп"	132	140000	0	1075	1140	885	0	1100	440	6	0	3	7	700	1700	10	2	130	28	3	0	27	27	27	27	
317	1	"АЕКкЩЈЕДеп"	134	164000	0	1200	1300	982	0	1173	500	6	0	7	7	700	1700	10	2	130	28	3	0	29	29	29	29	
331	1	"АЂПЈЫЙ"	111	82000	0	712	752	584	0	850	315	3	17	1	7	500	1500	10	2	150	0	3	0	23	23	23	23	
332	1	"ЮфЪП"	114	88000	0	751	791	615	0	880	330	3	17	2	5	500	1500	10	2	150	0	3	0	24	24	24	24	
333	1	"СњЯКЪиЮР"	117	97300	0	805	845	660	0	920	345	3	17	6	7	500	1500	10	2	150	0	3	0	25	25	25	25	
334	1	"ЫРЭіЬьЪЙ"	121	110000	0	870	915	720	0	960	370	3	17	6	7	500	1500	10	2	130	0	3	0	26	26	26	26	
335	1	"АЕКкЮзЪІ"	125	125000	0	951	996	783	0	1015	405	3	17	2	5	500	1500	10	2	130	0	3	0	27	27	27	27	
336	1	"ПёЮфЪП"	130	145000	0	1040	1085	865	0	1080	440	3	17	6	7	500	1500	10	2	130	0	3	0	28	28	28	28	
337	1	"АЕКкПўРм"	135	170000	0	1168	1213	992	0	1190	485	3	17	6	7	500	1600	10	2	130	0	4	0	29	29	29	29	
338	1	"РЅЖй"	140	140000	0	1070	1105	892	0	1200	450	3	150	10	7	800	1700	10800	2	100	0	4	0	60	60	60	60	
340	1	"АЕКкжИЛгЙй"	135	1500000	0	800	900	900	0	1500	370	6	0	6	10	700	1700	10	2	150	28	3	0	23	23	23	23	
341	1	"АЕКкЩЈЕДеп"	134	100000	0	600	700	500	0	1500	397	6	0	4	7	700	1700	10	2	150	28	3	0	25	25	25	25	
344	1	"АЕКкЗРгљеп"	134	90000	0	600	700	500	0	1500	370	6	0	7	7	700	1700	10	2	150	28	3	0	23	23	23	23	
345	1	"АЕКкжфЪѕЪІ"	134	95000	0	600	700	500	0	1500	397	6	0	6	7	700	1700	10	2	150	28	3	0	25	25	25	25	
348	1	"ОохѓЗЂЩфЦї"	133	450000	0	800	1000	840	0	1500	370	6	0	6	7	700	1700	10	2	150	28	3	0	23	23	23	23	
349	1	"АЭПЈЫЙЫОСюЙй"	135	500000	0	1000	1500	800	0	2000	370	6	0	6	7	700	1700	10	2	150	14	3	0	23	23	23	23	
350	1	"ЗшФЇ"	100	44370	0	555	590	443	0	728	255	3	0	2	7	500	1550	10	2	135	33	4	0	25	25	25	25	
351	1	"СбНЧРЧ"	80	16000	0	310	340	230	0	460	163	3	0	2	7	500	1500	10	2	155	33	3	0	20	20	20	20	
352	1	"Н№МзЪо"	82	18000	0	335	365	250	0	490	168	3	0	2	5	500	1500	10	2	155	33	3	0	21	21	21	21	
353	1	"АыЪоШЫ"	85	22000	0	365	395	280	0	540	177	3	0	2	7	500	1500	10	2	155	33	3	0	22	22	22	22	
354	1	"ЕЖШаСдЪж"	88	32000	0	408	443	315	0	587	195	3	0	1	7	500	1500	10	2	135	33	3	0	23	23	23	23	
355	1	"КЎБљДЬПЭ"	93	38500	0	470	505	370	0	645	220	3	0	4	5	500	1500	10	2	135	33	3	0	24	24	24	24	
356	1	"ПёОоШЫ"	98	43000	0	546	581	430	0	715	250	3	0	2	7	500	1500	10	2	135	33	3	0	25	25	25	25	
357	1	"ЭРЩБеп"	105	48500	0	640	675	515	0	810	290	3	0	2	7	500	1600	10	2	135	33	4	0	26	26	26	26	
358	1	"МйУцЮз"	118	68000	0	1168	1213	615	0	1190	485	3	0	5	7	500	1600	10	2	130	33	4	0	29	29	29	29	
359	1	"ЖОВНб§"	117	87500	0	830	1085	865	0	1080	440	3	0	4	7	500	1500	10	2	130	33	3	0	28	28	28	28	
360	1	"ПжОхЬьЪЙ"	119	94000	0	946	996	783	0	1015	905	3	0	2	5	500	1500	10	2	130	33	3	0	27	27	27	27	
361	1	"жфдЙФЇЭѕ"	135	1500000	0	1225	1468	1000	0	2000	420	6	0	2	7	700	1700	10	2	150	46	3	0	150	255	150	150	
362	1	"ТъбХИБЪж"	135	400000	0	732	932	315	0	2000	1445	6	0	3	7	700	1700	10	2	150	46	3	0	100	100	100	100	
363	1	"ТъбХИБЪж"	135	350000	0	732	932	800	0	2000	550	6	0	3	7	700	1700	10	2	150	46	3	0	100	100	100	100	
364	1	"ТъбХЩњУќЬх"	111	300	0	712	752	584	0	850	315	3	0	1	7	500	1500	10	2	150	0	3	0	100	100	100	100	
365	1	"зЃИЃФв"	100	25000	0	0	0	100	0	0	100	3	0	0	1	100	0	120	1	200	10	0	0	254	254	254	254	
367	1	"ДЋЫЭЬЈ"	20	1000	0	15	30	70	0	100	30	0	0	0	5	400	1500	10	0	200	10	0	0	0	0	0	0	
368	1	"АЌЖћЗЦЫП"	20	1000	0	15	30	70	0	100	30	0	0	0	5	400	1500	10	0	200	10	0	0	0	0	0	0	
369	1	"АТЫЙБО"	20	1000	0	15	30	70	0	100	30	0	0	0	5	400	1500	10	0	200	10	0	0	0	0	0	0	
370	1	"НмШ№Жи"	20	1000	0	15	30	70	0	100	30	0	0	0	5	400	1500	10	0	200	10	0	0	0	0	0	0	
371	1	"РзАТЕМЪІ"	90	10000	0	180	195	70	20	300	100	5	0	5	5	400	1500	10	1	200	10	0	0	0	0	0	0	
372	1	"АЌРћЬиїМїУгТЪП"	10	10	0	10	10	10	10	10	10	0	0	0	0	0	0	0	0	0	0	0	0	0	0	0	0	
373	1	"РшПРЗЃХЯ"	10	10	0	10	10	10	10	10	10	0	0	0	0	0	0	0	0	0	0	0	0	0	0	0	0	
374	1	"ЛъХИ"	10	10	0	10	10	10	10	10	10	0	0	0	0	0	0	0	0	0	0	0	0	0	0	0	0	
375	1	"ТъбХЪЙеп"	10	10	0	10	10	10	10	10	10	0	0	0	0	0	0	0	0	0	0	0	0	0	0	0	0	
376	1	"ЮязЪЙмРэдБ"	20	1000	0	15	30	70	0	100	30	0	0	0	5	400	1500	10	0	200	10	0	0	0	0	0	0	
377	1	"ЮязЪЙмРэдБ"	20	1000	0	15	30	70	0	100	30	0	0	0	5	400	1500	10	0	200	10	0	0	0	0	0	0	
378	1	"GameMaster"	2	10	0	10	10	10	10	10	10	0	0	0	0	0	0	0	0	0	0	0	0	0	0	0	0	
379	1	"БЌжёЩЬШЫТорЊЩЏ"	2	10	0	10	10	10	1	10	10	0	0	0	0	0	0	0	0	0	0	0	0	0	0	0	0	
380	1	"ЪЏЯё"	2	10	0	10	10	10	1	10	10	0	0	0	0	0	0	0	0	0	0	0	0	0	0	0	0	
381	1	"ЦцМЃСЊОќЖгГЄ"	2	10	0	10	10	10	1	10	10	0	0	0	0	0	0	0	0	0	0	0	0	0	0	0	0	
382	1	"ЛУгАНЬЭХГЄРЯ"	2	10	0	10	10	10	1	10	10	0	0	0	0	0	0	0	0	0	0	0	0	0	0	0	0	
383	1	"ЦцМЃСЊОќЪЅЮяБЃЙмКа"	2	10	0	10	10	10	1	10	10	0	0	0	0	0	0	0	0	0	0	0	0	0	0	0	0	
384	1	"ЛУгАНЬЭХЪЅЮяБЃЙмКа"	2	10	0	10	10	10	1	10	10	0	0	0	0	0	0	0	0	0	0	0	0	0	0	0	0	
385	1	"УжР­Ч№"	2	10	0	10	10	10	1	10	10	0	0	0	0	0	0	0	0	0	0	0	0	0	0	0	0	
386	1	"ЛУгАНЬЭіСщ"	65	7150	0	195	245	150	0	340	98	4	3	4	4	800	1600	0	2	200	400	3	0	4	4	4	4	
387	1	"ЛУгАНЬЭіСщ"	65	7150	0	215	265	170	0	380	110	4	7	4	4	800	1600	0	2	200	400	3	0	4	4	4	4	
388	1	"ЛУгАНЬЭіСщ"	67	7370	0	235	285	190	0	440	130	5	0	1	6	1600	2000	0	2	200	300	3	0	4	4	4	4	
389	1	"ЛУгАНЬЭіСщ"	70	8680	0	280	330	210	0	500	150	4	3	4	4	800	1600	0	2	180	300	3	0	4	4	4	4	
390	1	"ЛУгАНЬЭіСщ"	70	8680	0	300	350	230	0	560	170	4	7	4	4	800	1600	0	2	180	200	3	0	4	4	4	4	
391	1	"ЛУгАНЬЭіСщ"	72	8928	0	320	370	250	0	640	200	5	0	1	6	1600	2000	0	2	180	100	4	0	7	7	7	7	
392	1	"ЛУгАНЬЭіСщ"	75	15000	0	375	395	280	0	460	150	4	3	4	4	800	1600	0	2	150	400	3	0	6	6	6	6	
393	1	"ЛУгАНЬЭіСщ"	75	15000	0	395	415	300	0	520	160	4	7	4	4	800	1600	0	2	150	400	3	0	6	6	6	6	
394	1	"ЛУгАНЬЭіСщ"	77	15400	0	415	435	320	0	580	195	5	0	1	6	1600	2000	0	2	150	300	3	0	6	6	6	6	
395	1	"ЛУгАНЬЭіСщ"	80	19200	0	480	500	360	0	660	230	4	3	4	4	800	1600	0	2	150	300	3	0	6	6	6	6	
396	1	"ЛУгАНЬЭіСщ"	80	19200	0	500	520	380	0	720	260	4	7	4	4	800	1600	0	2	150	200	3	0	6	6	6	6	
397	1	"ЛУгАНЬЭіСщ"	82	19680	0	520	540	400	0	840	280	5	0	1	6	1600	2000	0	2	150	100	4	0	9	9	9	9	
398	1	"ЛУгАНЬЭіСщ"	85	25500	0	595	615	450	0	760	275	4	3	4	4	800	1600	0	2	130	0	3	0	26	26	26	26	
399	1	"ЛУгАНЬЭіСщ"	85	25500	0	615	635	470	0	820	303	4	7	4	4	800	1600	0	2	130	0	3	0	27	27	27	27	
400	1	"ЛУгАНЬЭіСщ"	87	26100	0	635	655	490	0	900	335	5	0	1	6	1600	2000	0	2	130	0	3	0	28	28	28	28	
401	1	"ЛУгАНЬЭіСщ"	112	36000	0	720	740	550	0	1015	405	4	3	4	4	800	1600	0	2	130	0	3	0	27	27	27	27	
402	1	"ЛУгАНЬЭіСщ"	112	36000	0	740	760	570	0	1080	440	4	7	4	4	800	1600	0	2	130	0	3	0	28	28	28	28	
403	1	"ЛУгАНЬЭіСщ"	114	36800	0	760	780	590	0	1190	485	5	0	1	6	1600	2000	0	2	130	0	4	0	29	29	29	29	
404	1	"ЦцМЃСЊОќ"	2	10	0	10	10	10	1	10	10	0	0	0	0	0	0	0	0	0	0	0	0	0	0	0	0	
405	1	"ЛУгАНЬЭХ"	2	10	0	10	10	10	1	10	10	0	0	0	0	0	0	0	0	0	0	0	0	0	0	0	0	
406	1	"ЕмзгїьБђ"	2	10	0	10	10	10	1	10	10	0	0	0	0	0	0	0	0	0	0	0	0	0	0	0	0	
407	1	"АЕКкбЊРЧШЫРЉРз"	2	10	0	10	10	10	1	10	10	0	0	0	0	0	0	0	0	0	0	0	0	0	0	0	0	
408	1	"анЯЂДІЪиЮР"	2	10	0	10	10	10	1	10	10	0	0	0	0	0	0	0	0	0	0	0	0	0	0	0	0	
409	1	"АЕКкЗРгљеп(бЕСЗБј)"	117	75000	0	550	650	480	0	1200	370	6	0	4	7	500	1500	10	2	150	46	3	0	23	23	23	23	
410	1	"АЕКкжфЪѕЪІ(бЕСЗБј)"	118	85000	0	580	680	490	0	1200	390	6	0	4	7	500	1500	10	2	150	46	3	0	25	25	25	25	
411	1	"АЕКкЩЈЕДеп(бЕСЗБј)"	119	90000	0	600	700	500	0	1200	390	6	0	2	7	500	1500	10	2	150	46	3	0	25	25	25	25	
412	1	"АЕКкжИЛгЙй(бЕСЗБј)"	128	1500000	0	800	900	900	0	1500	400	6	0	6	10	700	1700	10800	2	150	46	3	0	23	254	23	23	
413	1	"дТЭУ"	149	25000	0	0	0	100	0	0	100	3	0	0	1	100	0	120	1	200	10	0	0	254	254	254	254	
414	1	"АЌТзЕМЪІ"	2	10	0	10	10	10	1	10	10	0	0	0	0	0	0	0	0	0	0	0	0	0	0	0	0	
415	1	"ШћЖћЮЌбЧ"	2	10	0	10	10	10	1	10	10	0	0	0	0	0	0	0	0	0	0	0	0	0	0	0	0	
416	1	"РзбЧ"	2	10	0	10	10	10	1	10	10	0	0	0	0	0	0	0	0	0	0	0	0	0	0	0	0	
417	1	"ФІЖћШћ"	2	10	0	10	10	10	1	10	10	0	0	0	0	0	0	0	0	0	0	0	0	0	0	0	0	
418	1	"ЙжвьЕФЭУзг"	4	60	0	10	13	3	0	18	3	3	0	1	4	400	2000	10	2	120	20	6	0	0	0	0	0	
419	1	"ЗшПёЕФЭУзг"	19	520	0	68	72	22	0	93	22	3	0	1	4	400	1400	10	2	160	24	6	0	0	0	0	0	
420	1	"РЧШЫ"	24	720	0	85	90	30	0	120	30	3	0	1	5	400	1800	10	2	170	28	6	0	0	0	0	0	
421	1	"ЮлШОжЎЕћ"	13	230	0	37	42	13	0	58	13	3	0	1	4	400	1600	10	2	140	24	6	0	0	0	0	0	
422	1	"зчжфЮзЪІ"	30	900	0	105	110	33	0	150	36	3	2	4	7	400	2000	10	2	180	28	6	0	0	2	0	0	
423	1	"ЭМЬкЪїШЫ"	36	1200	0	120	125	50	0	180	43	3	0	1	6	400	1400	10	2	180	46	6	0	0	0	0	0	
424	1	"Лвам"	43	2400	0	130	140	65	0	215	52	2	17	2	6	400	1600	8	2	185	46	3	0	0	3	0	0	
425	1	"ВаБЉЕФЛвам"	48	3000	0	150	155	80	0	240	70	3	0	1	5	400	1400	10	2	200	46	3	0	3	3	3	5	
426	1	"ГрЩЋвЊШћ13"	111	20000	0	300	345	245	0	480	190	50	0	1	7	400	2000	10	2	300	400	3	0	7	7	7	7	
427	1	"ГрЩЋвЊШћ14"	114	23000	0	330	380	280	0	520	200	50	17	6	7	400	1600	10	2	300	400	3	0	7	7	7	7	
428	1	"АыЪоШЫЖгГЄ"	105	29000	0	475	510	440	0	570	250	3	0	1	3	400	2000	10	2	300	400	3	0	8	8	8	8	
429	1	"АыЪоШЫЙ­М§Ъж"	106	32000	0	510	555	480	0	640	260	3	0	5	7	400	1600	10	2	300	400	3	0	8	8	8	8	
430	1	"КкїМїУеНЪП"	110	37000	0	600	650	500	0	710	300	3	0	1	3	400	2000	10	2	250	300	3	0	8	8	8	8	
431	1	"ОоСщХЗЙХ"	112	45000	0	645	690	540	0	780	310	3	17	5	7	400	1600	10	2	250	300	3	0	8	8	8	8	
432	1	"ГрїМїУЦяЪП"	119	55000	0	780	820	600	0	850	360	3	0	1	3	400	2000	10	2	200	200	3	0	8	8	8	8	
433	1	"їМїУЗЈЪІ"	125	65000	0	830	865	680	0	920	370	4	150	4	6	400	1800	10	2	150	100	4	0	11	11	11	11	
434	1	"ПёОоШЫ"	105	30000	0	475	510	360	0	715	270	3	0	2	7	500	1500	10	2	135	0	3	0	25	25	25	25	
435	1	"ЗшФЇ"	106	33000	0	500	540	410	0	750	280	3	0	2	7	800	1700	10	2	110	0	3	0	50	50	50	50	
436	1	"АЕКкЗРгљеп(бЕСЗБј)"	117	37000	0	560	600	460	0	800	320	6	0	4	7	500	1500	10	2	150	28	3	0	23	23	23	23	
437	1	"АЕКкЩЈЕДеп(бЕСЗБј)"	119	40000	0	610	650	510	0	835	330	6	0	2	7	500	1500	10	2	150	28	3	0	25	25	25	25	
438	1	"МйУцЮз"	121	50000	0	640	680	560	0	935	370	3	0	5	7	500	1600	10	2	130	0	3	0	29	29	29	29	
439	1	"ПжОхЬьЪЙ"	123	55000	0	700	740	610	0	1015	380	3	0	2	5	500	1500	10	2	130	0	3	0	27	27	27	27	
440	1	"АЕКкжИЛгЙй"	135	75000	0	850	900	690	0	1300	430	6	0	6	10	700	1700	10	2	150	28	4	0	23	23	23	23	
441	1	"Ъїб§"	95	37000	0	475	510	370	0	700	220	4	0	1	7	600	1500	8	2	140	33	3	0	0	20	0	0	
442	1	"ЖОЪїб§"	96	39500	0	485	505	375	0	730	225	4	0	1	7	600	1500	8	2	140	33	3	0	0	30	0	0	
443	1	"ВаШЬЕФЪїб§"	102	58000	0	590	625	470	0	880	275	4	17	4	7	600	1500	8	2	135	33	3	0	0	40	0	0	
444	1	"АЕгАзІбР"	98	48500	0	540	575	430	0	830	240	4	0	1	5	700	1700	8	2	135	33	3	0	20	20	0	0	
445	1	"АЕгАЦяЪП"	100	52000	0	570	600	455	0	860	255	4	7	1	5	700	1700	8	2	135	33	3	0	30	30	0	0	
446	1	"АЕгАЮфЪП"	104	62000	0	600	645	500	0	950	290	4	0	1	5	700	1700	8	2	130	33	3	0	40	40	0	0	
447	1	"ЩСЕчОоШЫ"	97	42000	0	520	555	395	0	750	235	4	0	2	5	500	2000	8	2	140	33	3	0	0	0	20	0	
448	1	"гФСщОоШЫ"	106	68000	0	635	665	535	0	980	295	4	1	2	5	500	2000	8	2	130	33	3	0	0	30	0	0	
449	1	"Л№бцОоШЫ"	107	70000	0	670	725	530	0	1000	303	4	0	2	5	500	2000	8	2	130	33	3	0	0	0	0	40	
450	1	"гЃЛЈОЋСщ"	2	10	0	10	10	10	1	10	10	0	0	0	0	0	0	0	0	0	0	0	0	0	0	0	0	
451	1	"гЃЛЈЪї"	2	10	0	10	10	10	1	10	10	0	0	0	0	0	0	0	0	0	0	0	0	0	0	0	0	
452	1	"гЋжЎЪЏЙмРэдБ"	2	10	0	10	10	10	1	10	10	0	0	0	0	0	0	0	0	0	0	0	0	0	0	0	0	
453	1	"гЋжЎЪЏбаОПдБ"	2	10	0	10	10	10	1	10	10	0	0	0	0	0	0	0	0	0	0	0	0	0	0	0	0	
454	1	"БљжЎФЇШЎ"	102	68000	0	1310	1965	615	0	1190	800	3	7	6	7	500	1500	10	2	140	33	3	0	150	30	30	30	
455	1	"БљжЎФЇЯѓ"	112	77000	0	1441	2017	585	0	1350	840	3	0	3	6	500	1500	10	2	140	33	3	0	150	30	30	30	
456	1	"БљжЎОоФЇ"	122	84000	0	1585	2060	620	0	1570	770	3	0	3	7	500	1500	10	2	150	33	3	0	150	30	30	30	
457	1	"БљжЎФЇжы"	132	88000	0	1743	2092	650	0	1940	840	3	7	6	7	500	1500	10	2	140	33	3	0	150	30	30	30	
458	1	"БљЬњНЃЛъ"	142	95000	0	1917	2301	660	0	2000	800	3	0	6	7	500	1500	10	2	140	33	3	0	150	30	30	30	
459	1	"БљЫЊОожы"	145	4800000	0	2500	3000	1250	0	2200	1800	3	0	10	8	800	1800	10	2	100	0	4	0	254	254	150	150	
460	1	"ОожыЕА"	10	40000	0	500	540	410	0	750	280	3	0	2	7	800	1700	10	0	110	0	3	0	50	50	50	50	
461	1	"ОожыЕА"	10	40000	0	500	540	410	0	750	280	3	0	2	7	800	1700	10	0	110	0	3	0	50	50	50	50	
462	1	"ОожыЕА"	10	40000	0	500	540	410	0	750	280	3	0	2	7	800	1700	10	0	110	0	3	0	50	50	50	50	
463	1	"Л№ЛЈгФСщ"	149	25000	0	0	0	100	0	0	100	3	0	0	1	100	0	120	1	200	10	0	0	254	254	254	254	
464	1	"ГѕааепЕМЪІ"	2	10	0	10	10	10	1	10	10	0	0	0	0	0	0	0	0	0	0	0	0	0	0	0	0	
465	1	"ЪЅЕЎРЯШЫ"	149	26000	0	370	410	400	0	550	200	4	3	5	6	400	2200	10	2	150	50	4	0	15	15	20	15	
466	1	"зчжфЕФИчВМСж"	70	12000	0	220	260	190	0	440	130	3	0	2	5	400	1800	10	2	300	200	3	0	8	8	8	8	
467	1	"бЉШЫ"	10	10	0	10	10	10	1	10	10	0	0	0	0	0	0	0	0	0	0	0	0	0	0	0	0	
468	1	"МйАчЕФЪЅЕЎРЯШЫ1"	10	10	0	10	10	10	1	10	10	0	0	0	0	0	0	0	0	0	0	0	0	0	0	0	0	
469	1	"МйАчЕФЪЅЕЎРЯШЫ2"	10	10	0	10	10	10	1	10	10	0	0	0	0	0	0	0	0	0	0	0	0	0	0	0	0	
470	1	"МйАчЕФЪЅЕЎРЯШЫ3"	10	10	0	10	10	10	1	10	10	0	0	0	0	0	0	0	0	0	0	0	0	0	0	0	0	
471	1	"МйАчЕФЪЅЕЎРЯШЫ4"	10	10	0	10	10	10	1	10	10	0	0	0	0	0	0	0	0	0	0	0	0	0	0	0	0	
472	1	"МйАчЕФЪЅЕЎРЯШЫ5"	10	10	0	10	10	10	1	10	10	0	0	0	0	0	0	0	0	0	0	0	0	0	0	0	0	
473	1	"МйАчЕФЪЅЕЎРЯШЫ6"	10	10	0	10	10	10	1	10	10	0	0	0	0	0	0	0	0	0	0	0	0	0	0	0	0	
474	1	"МйАчЕФЪЅЕЎРЯШЫ7"	10	10	0	10	10	10	1	10	10	0	0	0	0	0	0	0	0	0	0	0	0	0	0	0	0	
475	1	"МйАчЕФЪЅЕЎРЯШЫ8"	10	10	0	10	10	10	1	10	10	0	0	0	0	0	0	0	0	0	0	0	0	0	0	0	0	
476	1	"зчжфЕФЪЅЕЎРЯШЫ"	149	26000	0	370	410	400	0	550	200	4	0	2	6	400	2200	10	2	150	50	4	0	15	15	20	15	
477	1	"БфЩэбЉШЫ"	10	10	0	10	10	10	1	10	10	0	0	0	0	0	0	0	0	0	0	0	0	0	0	0	0	
478	1	"авдЫ"	2	10	0	10	10	10	1	10	10	0	0	0	0	0	0	0	0	0	0	0	0	0	0	0	0	
479	1	"УХЮРЬЉЭНЫЙ"	10	10	0	10	10	10	1	10	10	0	0	0	0	0	0	0	0	0	0	0	0	0	0	0	0	
480	1	"гФСщЖЗЪП"	90	20000	0	300	345	200	0	750	170	3	0	1	7	500	1500	10	2	130	33	3	0	200	200	200	250	
481	1	"гФСщЖЗЪП"	120	500000	0	850	950	210	0	1190	820	3	0	1	7	500	1500	300	2	130	33	3	0	200	200	200	250	
482	1	"гФСщНЧЖЗЪП"	93	23000	0	320	360	220	0	780	200	3	0	2	7	500	1500	10	2	130	33	3	0	200	200	200	250	
483	1	"гФСщНЧЖЗЪП"	121	513000	0	860	960	230	0	1210	825	3	0	2	7	500	1500	300	2	130	33	3	0	200	200	200	250	
484	1	"гФСщЭРЩБеп"	100	27000	0	335	370	270	0	810	230	3	0	2	7	450	1600	10	2	130	33	3	0	200	200	200	250	
485	1	"гФСщЭРЩБеп"	122	520000	0	870	970	280	0	1230	830	3	0	2	7	450	1600	300	2	130	33	3	0	200	200	200	250	
486	1	"гФСщАЕЩБеп"	107	37000	0	550	600	475	0	900	300	3	0	1	7	600	1200	10	2	130	33	3	0	200	200	200	250	
487	1	"гФСщВаПсАЕЩБеп"	109	40000	0	570	620	490	0	950	325	3	0	1	7	600	1200	10	2	130	33	3	0	200	200	200	250	
488	1	"гФСщВаПсАЕЩБеп"	123	523000	0	880	980	500	0	1250	835	3	0	1	7	600	1200	300	2	130	33	3	0	200	200	200	250	
489	1	"гФСщОоШЫ"	111	50000	0	600	650	520	0	970	330	3	0	1	7	500	1600	10	2	130	33	3	0	200	200	200	250	
490	1	"гФСщВаПсОоШЫ"	113	55000	0	630	680	535	0	1000	340	3	0	1	7	500	1600	10	2	130	33	3	0	200	200	200	250	
491	1	"гФСщВаПсОоШЫ"	124	530000	0	890	990	545	0	1270	840	3	0	1	7	500	1600	300	2	130	33	3	0	200	200	200	250	
492	1	"ФІЫЙ"	2	10	0	10	10	10	1	10	10	0	0	0	0	0	0	0	0	0	0	0	0	0	0	0	0	
493	1	"ЛЦН№АЕКкЦяЪП"	60	5000	0	180	195	115	0	300	88	3	3	4	7	400	2000	10	2	200	14	3	0	5	5	5	7	
494	1	"ЛЦН№ЖёФЇ"	72	10000	0	250	280	190	0	365	120	3	0	1	7	400	1400	10	2	170	30	3	0	8	8	8	8	
495	1	"ЛЦН№ЪЏОоШЫ"	84	25000	0	375	425	275	0	530	190	3	17	4	7	400	1400	20	2	160	30	3	0	10	10	10	10	
496	1	"ЛЦН№ЖёСщ"	92	34500	0	489	540	360	0	620	240	3	0	1	5	400	1400	10	2	160	14	3	0	13	13	14	13	
497	1	"ЛЦН№АыЪоШЫ"	108	95000	0	950	1000	600	0	900	350	1	150	6	7	400	1500	150	2	120	14	4	0	30	30	35	30	
498	1	"ЛЦН№ЖРВНб§"	130	145000	0	1040	1085	865	0	1080	440	3	17	6	7	500	1500	10	2	130	0	3	0	28	28	28	28	
499	1	"ЛЦН№ЬњТжеНЪП"	145	200000	0	1743	2092	650	0	1940	840	3	7	6	7	500	1500	10	2	140	10	3	0	150	30	30	30	
500	1	"ЛЦН№ОоШЫ"	112	77000	0	1441	2017	585	0	1350	840	3	0	3	6	500	1500	10	2	140	10	3	0	150	30	30	30	
501	1	"ЛЦН№ОоСњ"	142	95000	0	1917	2301	660	0	2000	800	3	0	6	7	500	1500	10	2	140	10	3	0	150	30	30	30	
502	1	"ЛЦН№ЭУзг"	40	3000	0	130	135	60	0	200	47	3	11	4	7	400	1600	10	2	190	14	6	0	3	1	1	1	
503	1	"БфЩэамУЈ"	10	10	0	10	10	10	1	10	10	0	0	0	0	0	0	0	0	0	0	0	0	0	0	0	0	
504	1	"ЕлЙњЫОСюП­ЮФ"	1	1250	0	45	50	35	0	91	80	6	0	6	10	600	3000	10	2	160	10	6	254	254	254	254	254	
505	1	"П­ЮФЕФИЈзєЙй"	1	930	0	42	47	30	0	80	70	6	0	2	10	600	1600	10	2	160	10	6	254	254	254	254	254	
506	1	"ЕлЙњИБЫОСю"	1	800	0	39	44	28	0	70	60	6	0	2	10	600	1600	10	2	150	10	6	254	254	254	254	254	
507	1	"ЕлЙњжИЛгЙй"	1	800	0	39	44	28	0	70	60	6	0	2	10	600	1600	10	2	150	10	6	254	254	254	254	254	
508	1	"ЕлЙњЕквЛОќЭХГЄ"	1	780	0	36	41	27	0	70	60	6	0	2	10	600	1600	10	2	150	10	6	254	254	254	254	254	
509	1	"ЕлЙњЕкЖўОќЭХГЄ"	1	780	0	36	41	27	0	70	60	6	0	2	10	600	1600	10	2	150	10	6	254	254	254	254	254	
510	1	"ЕлЙњЕкШ§ОќЭХГЄ"	1	780	0	36	41	27	0	70	60	6	0	2	10	600	1400	10	2	160	10	6	254	254	254	254	254	
511	1	"ЕлЙњЕкЫФОќЭХГЄ"	1	780	0	36	41	27	0	70	60	6	0	2	10	600	1400	10	2	160	10	6	254	254	254	254	254	
512	1	"ЕлЙњаЃЮО"	1	650	0	33	38	22	0	50	40	6	0	2	10	600	1600	10	2	130	10	6	254	254	254	254	254	
513	1	"ЕлЙњНЬЙй"	1	650	0	33	38	22	0	50	40	6	0	2	10	600	1600	10	2	130	10	6	254	254	254	254	254	
514	1	"ЕлЙњЦяЪПЭХГЄ"	1	650	0	33	38	22	0	50	40	6	0	2	10	600	1600	10	2	130	10	6	254	254	254	254	254	
515	1	"ЕлЙњДѓФЇЗЈЪІ"	1	650	0	33	38	22	0	50	40	6	2	6	10	600	1600	10	2	140	10	6	254	254	254	254	254	
516	1	"ЕлЙњАЕЩБЭХГЄ"	1	650	0	33	38	22	0	50	40	6	0	2	10	600	1200	10	2	140	10	6	254	254	254	254	254	
517	1	"ЕлЙњЦяБјЭХГЄ"	1	650	0	33	38	22	0	50	40	6	0	2	10	600	1600	10	2	140	10	6	254	254	254	254	254	
518	1	"ЕлЙњЕЖЖмБј"	1	580	0	30	35	20	0	30	20	6	0	2	7	600	1400	10	2	120	10	6	254	254	254	254	254	
519	1	"ЕлЙњМРЫО"	1	500	0	25	30	15	0	30	20	6	2	6	10	600	1400	10	2	120	10	6	254	254	254	254	254	
520	1	"ЕлЙњЦяЪП"	1	550	0	28	33	17	0	30	20	6	0	2	7	600	1400	10	2	120	10	6	254	254	254	254	254	
521	1	"ЕлЙњЛЄЮР"	1	570	0	30	35	18	0	30	20	6	0	2	10	600	1400	10	2	120	10	6	254	254	254	254	254	
522	1	"ИЈзєЙйНмСжЬи"	2	10	0	10	10	10	1	10	10	0	0	0	0	0	0	0	0	0	0	0	0	0	0	0	0	
523	1	"Янкх"	2	100	0	15	52	0	0	45	50	0	0	2	2	0	1000	3	1	0	0	0	0	254	254	254	254	
524	1	"ГЧУХ1"	1	500	0	0	0	0	0	0	0	0	0	0	0	0	0	0	0	0	0	0	0	254	254	254	254	
525	1	"ГЧУХ2"	1	600	0	0	0	0	0	0	0	0	0	0	0	0	0	0	0	0	0	0	0	254	254	254	254	
526	1	"ЪЏЯё1"	1	650	0	0	0	0	0	0	0	0	0	0	0	0	0	0	0	0	0	0	0	254	0	0	0	
527	1	"ГЧУХ3"	1	500	0	0	0	0	0	0	0	0	0	0	0	0	0	0	0	0	0	0	0	254	254	254	254	
528	1	"ГЧУХ4"	1	600	0	0	0	0	0	0	0	0	0	0	0	0	0	0	0	0	0	0	0	254	254	254	254	
529	1	"ЗпХ­ЕФЭРЗђ"	20	2800	0	125	135	83	0	2000	1500	3	50	6	7	500	1600	10	0	0	0	6	15	15	15	254	15	
530	1	"ЭРЗђ"	18	2300	0	110	120	73	0	1000	1000	3	50	6	7	500	1600	10	0	0	0	6	15	15	15	254	15	
531	1	"БљжЎФЇШЎ"	19	1500	0	85	90	60	0	800	1000	3	0	8	10	400	2000	10	2	100	0	6	15	15	15	15	15	
532	1	"гзГц"	16	1000	0	75	80	55	0	800	900	3	1	2	7	400	2000	10	2	100	0	6	15	15	15	15	15	
533	1	"ЩњЛъ"	15	600	0	80	85	45	0	1000	900	3	239	1	3	400	1600	10	2	100	5	6	10	10	10	10	10	
534	1	"ЩњЛъЙ­М§Ъж"	14	500	0	65	70	30	0	700	500	2	235	5	6	400	1400	10	2	100	5	6	10	10	10	10	10	
535	1	"ЩњЛъНЃЪП"	14	500	0	65	70	30	0	700	500	2	41	1	3	400	2200	10	2	100	5	6	10	10	10	10	10	
536	1	"ЩњЛъФЇЗЈЪІ"	14	500	0	65	70	30	0	700	500	2	39	5	4	400	2200	10	2	100	5	6	10	10	10	10	10	
537	1	"ЩњЛъФЇНЃЪП"	14	500	0	65	70	30	0	700	500	2	56	4	4	400	1400	10	2	100	5	6	10	10	10	10	10	
538	1	"ЩњЛъЪЅЕМЪІ"	17	900	0	85	90	55	0	900	800	3	62	4	6	400	1600	10	2	100	5	6	15	15	15	15	15	
539	1	"ЩњЛъейЛНЪѕЪІ"	14	500	0	65	70	30	0	500	300	3	230	2	4	400	1600	10	2	100	5	6	10	10	10	10	10	
540	1	"ТНхШЕТ"	2	10	0	10	10	10	1	10	10	0	0	0	0	0	0	0	0	0	0	0	0	0	0	0	0	
541	1	"аЁНБРјБІЯф"	2	10	0	10	10	10	1	10	10	0	0	0	0	0	0	10	0	0	0	0	0	0	0	0	0	
542	1	"ДѓНБРјБІЯф"	2	10	0	10	10	10	1	10	10	0	0	0	0	0	0	10	0	0	0	0	0	0	0	0	0	
543	1	"ЖрЦеШ№ЖїМвзхЙмМв"	2	10	0	10	10	10	1	10	10	0	0	0	0	0	0	0	0	0	0	0	0	0	0	0	0	
544	1	"АЭФкЖћЬиМвзхЙмМв"	2	10	0	10	10	10	1	10	10	0	0	0	0	0	0	0	0	0	0	0	0	0	0	0	0	
545	1	"дгЛѕЩЬШЫПЫРяЫЙЖЁ"	2	10	0	10	10	10	1	10	10	0	0	0	0	0	0	0	0	0	0	0	0	0	0	0	0	
546	1	"БІЪЏЩЬШЫТоЖћ"	2	10	0	10	10	10	1	10	10	0	0	0	0	0	0	0	0	0	0	0	0	0	0	0	0	
547	1	"ЪаГЁДЋЫЭЪІжьРібЧ"	2	10	0	10	10	10	1	10	10	0	0	0	0	0	0	0	0	0	0	0	0	0	0	0	0	
548	1	"БфЩэЙЧМм"	10	10	0	10	10	10	1	10	10	0	0	0	0	0	0	0	0	0	0	0	0	0	0	0	0	
549	1	"бЊЩЋВаБЉеп"	114	117000	0	675	710	420	0	900	820	4	0	2	9	700	1500	8	2	120	40	3	0	20	20	20	150	
550	1	"бЊЩЋАЕЩБеп"	115	88000	0	795	830	460	0	1100	430	4	0	2	9	700	2500	10	2	120	40	3	0	20	20	20	150	
551	1	"бЊЩЋЩњУќЬх"	117	129700	0	715	750	470	0	900	960	4	0	2	9	700	1500	10	2	110	40	4	0	20	20	20	150	
552	1	"бЊЩЋХЎЮзЪІ"	120	85700	0	835	870	480	0	1100	430	4	0	3	9	700	2500	10	2	105	40	4	0	20	20	20	150	
553	1	"КкАЕЗшФЇ"	123	184370	0	915	990	543	0	1557	755	3	0	2	9	700	2500	10	2	120	40	4	0	20	20	150	20	
554	1	"КкАЕКЎБљДЬПЭ"	126	198500	0	970	1005	570	0	1258	920	3	0	4	9	700	1500	10	2	120	40	3	0	20	20	150	20	
555	1	"КкАЕЕЖШаСдЪж"	128	203000	0	1046	1181	630	0	1575	750	3	0	2	9	700	2500	10	2	110	40	3	0	20	20	150	20	
556	1	"КкАЕЭРЗђ"	129	218500	0	1240	1375	715	0	1251	990	3	0	2	9	700	2500	10	2	105	40	4	0	20	20	150	20	
557	1	"аАЖёЪїб§"	131	218000	0	1441	2017	670	0	1847	875	4	17	3	9	700	2550	8	2	120	40	4	0	150	20	20	20	
558	1	"КЎБљОоШЫ"	135	230000	0	1585	2060	730	0	1544	903	4	0	2	9	700	2500	8	2	120	40	3	0	150	20	20	20	
559	1	"КкАЕЮфЪП"	137	242000	0	1743	2092	700	0	1646	990	4	0	2	9	700	2500	8	2	110	40	4	0	150	20	20	20	
560	1	"аАЖёЪїб§"	141	358000	0	1917	2301	740	0	1140	1135	4	17	3	9	700	2000	8	2	105	40	6	0	150	20	20	20	
561	1	"УРЖХЩЏ"	175	7800000	0	7040	7800	1450	0	5900	3800	3	9	7	10	800	4900	10	2	100	0	6	0	254	254	150	150	
562	1	"КкАЕБљжЎФЇЯѓ"	140	237000	0	1741	2317	785	0	2240	1440	3	0	3	6	700	2500	10	2	120	40	4	0	30	150	30	30	
563	1	"КкАЕБљжЎОоФЇ"	143	254000	0	1885	2360	820	0	2647	970	3	0	3	8	700	2500	10	2	120	40	3	0	30	150	30	30	
564	1	"КкАЕБљжЎФЇжы"	145	248000	0	2043	2392	850	0	2142	1440	3	7	6	8	700	2500	10	2	110	40	3	0	30	150	30	30	
565	1	"КкАЕБљЬњНЃЛъ"	148	265000	0	2217	2601	860	0	2441	1430	3	0	3	8	700	2500	10	2	105	40	4	0	30	150	30	30	
566	1	"ЬиРйЮїбЧ"	2	10	0	10	10	10	1	10	10	0	0	0	0	0	0	0	0	0	0	0	0	0	0	0	0	
567	1	"БДФШ"	2	10	0	10	10	10	1	10	10	0	0	0	0	0	0	0	0	0	0	0	0	0	0	0	0	
568	1	"НмТо"	2	10	0	10	10	10	1	10	10	0	0	0	0	0	0	0	0	0	0	0	0	0	0	0	0	
569	1	"ОчЖОЙДЮВаЋ"	99	50000	0	555	590	445	0	845	248	6	1	2	10	900	1500	10	2	130	33	3	0	100	254	100	200	
570	1	"АзЙЧЙДЮВаЋ"	103	60000	0	595	635	485	0	915	283	6	1	2	10	900	1500	10	2	130	33	3	0	100	254	100	200	
571	1	"КкАЕЖРНЧдГ"	105	65000	0	618	655	518	0	965	293	6	0	2	10	700	1800	10	2	130	33	3	0	100	100	100	240	
572	1	"КкАЕЫФБлдГ"	108	72000	0	685	735	545	0	1020	315	6	0	2	10	700	1800	10	2	130	33	3	0	100	100	100	240	
573	1	"Н№МзгТЪП"	111	78000	0	705	755	560	0	1080	340	6	0	1	10	800	1700	10	2	135	33	3	0	150	254	100	150	
574	1	"ЛЦЗфХЎЭѕ"	114	83000	0	720	770	575	0	1140	375	6	1	2	10	800	1700	10	2	135	33	3	0	150	254	100	150	
575	1	"гФСщЪЏОоШЫ"	117	90000	0	735	790	610	0	1200	405	6	0	2	10	500	2000	10	2	135	33	3	0	150	255	255	255	
576	1	"аАСщЪЏОоШЫ"	120	96000	0	750	815	640	0	1265	425	6	0	2	10	500	2000	10	2	135	33	3	0	150	255	255	255	
577	1	"РйФШ"	2	10	0	10	10	10	1	10	10	0	0	0	0	0	0	0	0	0	0	0	0	0	0	0	0	
578	1	"БДРГ"	2	10	0	10	10	10	1	10	10	0	0	0	0	0	0	0	0	0	0	0	0	0	0	0	0	
579	1	"ДїБЫЕУ"	2	10	0	10	10	10	1	10	10	0	0	0	0	0	0	0	0	0	0	0	0	0	0	0	0	
end